Labels IRF_1us 
0.00 0.000E+0 
0.244141 0.000E+0 
0.488281 0.000E+0 
0.732422 0.000E+0 
0.976563 0.000E+0 
1.220703 0.000E+0 
1.464844 0.000E+0 
1.708984 0.000E+0 
1.953125 0.000E+0 
2.197266 0.000E+0 
2.441406 0.000E+0 
2.685547 0.000E+0 
2.929688 0.000E+0 
3.173828 0.000E+0 
3.417969 0.000E+0 
3.662109 0.000E+0 
3.906250 0.000E+0 
4.150391 0.000E+0 
4.394531 0.000E+0 
4.638672 0.000E+0 
4.882813 0.000E+0 
5.126953 0.000E+0 
5.371094 0.000E+0 
5.615234 0.000E+0 
5.859375 0.000E+0 
6.103516 0.000E+0 
6.347656 0.000E+0 
6.591797 0.000E+0 
6.835938 0.000E+0 
7.080078 0.000E+0 
7.324219 0.000E+0 
7.568359 0.000E+0 
7.81250 0.000E+0 
8.056641 0.000E+0 
8.300781 0.000E+0 
8.544922 0.000E+0 
8.789063 0.000E+0 
9.033203 0.000E+0 
9.277344 0.000E+0 
9.521484 0.000E+0 
9.765625 0.000E+0 
10.009766 0.000E+0 
10.253906 0.000E+0 
10.498047 0.000E+0 
10.742188 0.000E+0 
10.986328 0.000E+0 
11.230469 0.000E+0 
11.474609 0.000E+0 
11.718750 0.000E+0 
11.962891 0.000E+0 
12.207031 0.000E+0 
12.451172 0.000E+0 
12.695313 0.000E+0 
12.939453 0.000E+0 
13.183594 0.000E+0 
13.427734 0.000E+0 
13.671875 0.000E+0 
13.916016 0.000E+0 
14.160156 0.000E+0 
14.40430 0.000E+0 
14.648438 0.000E+0 
14.892578 0.000E+0 
15.136719 0.000E+0 
15.380859 0.000E+0 
15.6250 0.000E+0 
15.869141 0.000E+0 
16.113281 0.000E+0 
16.357422 0.000E+0 
16.601563 0.000E+0 
16.84570 0.000E+0 
17.089844 0.000E+0 
17.333984 0.000E+0 
17.578125 0.000E+0 
17.822266 0.000E+0 
18.066406 0.000E+0 
18.310547 0.000E+0 
18.554688 0.000E+0 
18.798828 0.000E+0 
19.042969 0.000E+0 
19.287109 0.000E+0 
19.531250 0.000E+0 
19.775391 0.000E+0 
20.019531 0.000E+0 
20.263672 0.000E+0 
20.507813 0.000E+0 
20.751953 0.000E+0 
20.996094 0.000E+0 
21.240234 0.000E+0 
21.484375 0.000E+0 
21.728516 0.000E+0 
21.972656 0.000E+0 
22.21680 0.000E+0 
22.460938 0.000E+0 
22.705078 0.000E+0 
22.949219 0.000E+0 
23.193359 0.000E+0 
23.43750 0.000E+0 
23.681641 0.000E+0 
23.925781 0.000E+0 
24.169922 0.000E+0 
24.414063 0.000E+0 
24.65820 0.000E+0 
24.902344 0.000E+0 
25.146484 0.000E+0 
25.390625 0.000E+0 
25.634766 0.000E+0 
25.878906 0.000E+0 
26.123047 0.000E+0 
26.367188 0.000E+0 
26.611328 0.000E+0 
26.855469 0.000E+0 
27.099609 0.000E+0 
27.343750 0.000E+0 
27.587891 0.000E+0 
27.832031 0.000E+0 
28.076172 0.000E+0 
28.320313 0.000E+0 
28.564453 0.000E+0 
28.808594 0.000E+0 
29.052734 0.000E+0 
29.296875 0.000E+0 
29.541016 0.000E+0 
29.785156 0.000E+0 
30.02930 0.000E+0 
30.273438 0.000E+0 
30.517578 0.000E+0 
30.761719 0.000E+0 
31.005859 0.000E+0 
31.250 0.000E+0 
31.494141 0.000E+0 
31.738281 0.000E+0 
31.982422 0.000E+0 
32.226563 0.000E+0 
32.47070 0.000E+0 
32.714844 0.000E+0 
32.958984 0.000E+0 
33.203125 0.000E+0 
33.447266 0.000E+0 
33.691406 0.000E+0 
33.935547 0.000E+0 
34.179688 0.000E+0 
34.423828 0.000E+0 
34.667969 0.000E+0 
34.912109 0.000E+0 
35.156250 0.000E+0 
35.400391 0.000E+0 
35.644531 0.000E+0 
35.888672 0.000E+0 
36.132813 0.000E+0 
36.376953 0.000E+0 
36.621094 0.000E+0 
36.865234 0.000E+0 
37.109375 0.000E+0 
37.353516 0.000E+0 
37.597656 0.000E+0 
37.84180 0.000E+0 
38.085938 0.000E+0 
38.330078 0.000E+0 
38.574219 0.000E+0 
38.818359 0.000E+0 
39.06250 0.000E+0 
39.306641 0.000E+0 
39.550781 0.000E+0 
39.794922 0.000E+0 
40.039063 0.000E+0 
40.28320 0.000E+0 
40.527344 0.000E+0 
40.771484 0.000E+0 
41.015625 0.000E+0 
41.259766 0.000E+0 
41.503906 1.000E+0 
41.748047 1.000E+0 
41.992188 0.000E+0 
42.236328 6.000E+0 
42.480469 7.000E+0 
42.724609 1.000E+1 
42.968750 1.800E+1 
43.212891 2.500E+1 
43.457031 3.800E+1 
43.701172 6.500E+1 
43.945313 8.600E+1 
44.189453 1.260E+2 
44.433594 1.870E+2 
44.677734 2.280E+2 
44.921875 3.120E+2 
45.166016 3.590E+2 
45.410156 4.350E+2 
45.65430 4.640E+2 
45.898438 4.860E+2 
46.142578 5.000E+2 
46.386719 4.760E+2 
46.630859 4.650E+2 
46.8750 4.620E+2 
47.119141 4.270E+2 
47.363281 3.870E+2 
47.607422 3.900E+2 
47.851563 3.570E+2 
48.09570 3.230E+2 
48.339844 2.650E+2 
48.583984 2.520E+2 
48.828125 2.440E+2 
49.072266 2.010E+2 
49.316406 1.780E+2 
49.560547 1.410E+2 
49.804688 1.230E+2 
50.048828 8.500E+1 
50.292969 6.000E+1 
50.537109 5.200E+1 
50.781250 1.800E+1 
51.025391 2.000E+1 
51.269531 1.000E+1 
51.513672 4.000E+0 
51.757813 9.000E+0 
52.001953 5.000E+0 
52.246094 2.000E+0 
52.490234 3.000E+0 
52.734375 4.000E+0 
52.978516 2.000E+0 
53.222656 1.000E+0 
53.46680 1.000E+0 
53.710938 2.000E+0 
53.955078 0.000E+0 
54.199219 2.000E+0 
54.443359 0.000E+0 
54.68750 1.000E+0 
54.931641 0.000E+0 
55.175781 0.000E+0 
55.419922 1.000E+0 
55.664063 0.000E+0 
55.90820 0.000E+0 
56.152344 1.000E+0 
56.396484 0.000E+0 
56.640625 0.000E+0 
56.884766 0.000E+0 
57.128906 0.000E+0 
57.373047 0.000E+0 
57.617188 0.000E+0 
57.861328 1.000E+0 
58.105469 0.000E+0 
58.349609 0.000E+0 
58.593750 0.000E+0 
58.837891 0.000E+0 
59.082031 0.000E+0 
59.326172 1.000E+0 
59.570313 0.000E+0 
59.814453 0.000E+0 
60.058594 0.000E+0 
60.302734 1.000E+0 
60.546875 0.000E+0 
60.791016 1.000E+0 
61.035156 0.000E+0 
61.27930 1.000E+0 
61.523438 1.000E+0 
61.767578 0.000E+0 
62.011719 0.000E+0 
62.255859 0.000E+0 
62.50 0.000E+0 
62.744141 0.000E+0 
62.988281 1.000E+0 
63.232422 0.000E+0 
63.476563 1.000E+0 
63.72070 0.000E+0 
63.964844 0.000E+0 
64.208984 0.000E+0 
64.453125 1.000E+0 
64.697266 0.000E+0 
64.941406 1.000E+0 
65.185547 0.000E+0 
65.429688 1.000E+0 
65.673828 1.000E+0 
65.917969 2.000E+0 
66.162109 1.000E+0 
66.406250 1.000E+0 
66.650391 0.000E+0 
66.894531 0.000E+0 
67.138672 1.000E+0 
67.382813 0.000E+0 
67.626953 0.000E+0 
67.871094 1.000E+0 
68.115234 0.000E+0 
68.359375 1.000E+0 
68.603516 2.000E+0 
68.847656 0.000E+0 
69.09180 2.000E+0 
69.335938 2.000E+0 
69.580078 0.000E+0 
69.824219 0.000E+0 
70.068359 0.000E+0 
70.31250 2.000E+0 
70.556641 1.000E+0 
70.800781 4.000E+0 
71.044922 2.000E+0 
71.289063 0.000E+0 
71.53320 2.000E+0 
71.777344 1.000E+0 
72.021484 0.000E+0 
72.265625 0.000E+0 
72.509766 0.000E+0 
72.753906 2.000E+0 
72.998047 0.000E+0 
73.242188 1.000E+0 
73.486328 1.000E+0 
73.730469 0.000E+0 
73.974609 1.000E+0 
74.218750 1.000E+0 
74.462891 0.000E+0 
74.707031 0.000E+0 
74.951172 2.000E+0 
75.195313 1.000E+0 
75.439453 0.000E+0 
75.683594 3.000E+0 
75.927734 1.000E+0 
76.171875 1.000E+0 
76.416016 0.000E+0 
76.660156 1.000E+0 
76.90430 0.000E+0 
77.148438 1.000E+0 
77.392578 0.000E+0 
77.636719 1.000E+0 
77.880859 1.000E+0 
78.1250 1.000E+0 
78.369141 1.000E+0 
78.613281 0.000E+0 
78.857422 2.000E+0 
79.101563 0.000E+0 
79.34570 1.000E+0 
79.589844 2.000E+0 
79.833984 2.000E+0 
80.078125 0.000E+0 
80.322266 1.000E+0 
80.566406 2.000E+0 
80.810547 0.000E+0 
81.054688 1.000E+0 
81.298828 1.000E+0 
81.542969 0.000E+0 
81.787109 1.000E+0 
82.031250 1.000E+0 
82.275391 1.000E+0 
82.519531 0.000E+0 
82.763672 1.000E+0 
83.007813 3.000E+0 
83.251953 0.000E+0 
83.496094 1.000E+0 
83.740234 0.000E+0 
83.984375 0.000E+0 
84.228516 0.000E+0 
84.472656 1.000E+0 
84.71680 2.000E+0 
84.960938 0.000E+0 
85.205078 3.000E+0 
85.449219 1.000E+0 
85.693359 4.000E+0 
85.93750 2.000E+0 
86.181641 2.000E+0 
86.425781 2.000E+0 
86.669922 1.000E+0 
86.914063 0.000E+0 
87.15820 3.000E+0 
87.402344 0.000E+0 
87.646484 2.000E+0 
87.890625 1.000E+0 
88.134766 1.000E+0 
88.378906 0.000E+0 
88.623047 1.000E+0 
88.867188 0.000E+0 
89.111328 0.000E+0 
89.355469 2.000E+0 
89.599609 2.000E+0 
89.843750 2.000E+0 
90.087891 0.000E+0 
90.332031 1.000E+0 
90.576172 2.000E+0 
90.820313 0.000E+0 
91.064453 1.000E+0 
91.308594 2.000E+0 
91.552734 3.000E+0 
91.796875 1.000E+0 
92.041016 1.000E+0 
92.285156 2.000E+0 
92.52930 0.000E+0 
92.773438 1.000E+0 
93.017578 3.000E+0 
93.261719 1.000E+0 
93.505859 0.000E+0 
93.750 0.000E+0 
93.994141 1.000E+0 
94.238281 2.000E+0 
94.482422 2.000E+0 
94.726563 3.000E+0 
94.97070 3.000E+0 
95.214844 1.000E+0 
95.458984 1.000E+0 
95.703125 1.000E+0 
95.947266 0.000E+0 
96.191406 2.000E+0 
96.435547 1.000E+0 
96.679688 0.000E+0 
96.923828 0.000E+0 
97.167969 0.000E+0 
97.412109 2.000E+0 
97.656250 1.000E+0 
97.900391 3.000E+0 
98.144531 1.000E+0 
98.388672 1.000E+0 
98.632813 3.000E+0 
98.876953 0.000E+0 
99.121094 1.000E+0 
99.365234 3.000E+0 
99.609375 3.000E+0 
99.853516 1.000E+0 
100.09770 1.000E+0 
100.34180 2.000E+0 
100.58590 2.000E+0 
100.83010 3.000E+0 
101.07420 4.000E+0 
101.31840 3.000E+0 
101.56250 2.000E+0 
101.80660 4.000E+0 
102.05080 0.000E+0 
102.29490 1.000E+0 
102.53910 1.000E+0 
102.78320 0.000E+0 
103.02730 3.000E+0 
103.27150 0.000E+0 
103.51560 3.000E+0 
103.75980 0.000E+0 
104.00390 1.000E+0 
104.2480 5.000E+0 
104.49220 0.000E+0 
104.73630 1.000E+0 
104.98050 1.000E+0 
105.22460 3.000E+0 
105.46880 2.000E+0 
105.71290 2.000E+0 
105.9570 0.000E+0 
106.20120 1.000E+0 
106.44530 1.000E+0 
106.68950 0.000E+0 
106.93360 4.000E+0 
107.17770 2.000E+0 
107.42190 0.000E+0 
107.6660 2.000E+0 
107.91020 1.000E+0 
108.15430 1.000E+0 
108.39840 3.000E+0 
108.64260 2.000E+0 
108.88670 1.000E+0 
109.13090 0.000E+0 
109.3750 2.000E+0 
109.61910 4.000E+0 
109.86330 2.000E+0 
110.10740 1.000E+0 
110.35160 2.000E+0 
110.59570 1.000E+0 
110.83980 2.000E+0 
111.0840 1.000E+0 
111.32810 4.000E+0 
111.57230 1.000E+0 
111.81640 0.000E+0 
112.06050 0.000E+0 
112.30470 0.000E+0 
112.54880 1.000E+0 
112.7930 3.000E+0 
113.03710 2.000E+0 
113.28130 3.000E+0 
113.52540 0.000E+0 
113.76950 2.000E+0 
114.01370 1.000E+0 
114.25780 4.000E+0 
114.5020 2.000E+0 
114.74610 1.000E+0 
114.99020 2.000E+0 
115.23440 2.000E+0 
115.47850 3.000E+0 
115.72270 0.000E+0 
115.96680 2.000E+0 
116.21090 1.000E+0 
116.45510 0.000E+0 
116.69920 1.000E+0 
116.94340 3.000E+0 
117.18750 1.000E+0 
117.43160 1.000E+0 
117.67580 2.000E+0 
117.91990 1.000E+0 
118.16410 1.000E+0 
118.40820 2.000E+0 
118.65230 1.000E+0 
118.89650 0.000E+0 
119.14060 0.000E+0 
119.38480 0.000E+0 
119.62890 1.000E+0 
119.8730 0.000E+0 
120.11720 1.000E+0 
120.36130 0.000E+0 
120.60550 1.000E+0 
120.84960 0.000E+0 
121.09380 4.000E+0 
121.33790 1.000E+0 
121.5820 2.000E+0 
121.82620 1.000E+0 
122.07030 1.000E+0 
122.31450 1.000E+0 
122.55860 0.000E+0 
122.80270 0.000E+0 
123.04690 0.000E+0 
123.2910 2.000E+0 
123.53520 1.000E+0 
123.77930 0.000E+0 
124.02340 0.000E+0 
124.26760 2.000E+0 
124.51170 2.000E+0 
124.75590 1.000E+0 
125.0 2.000E+0 
125.24410 1.000E+0 
125.48830 1.000E+0 
125.73240 2.000E+0 
125.97660 1.000E+0 
126.22070 2.000E+0 
126.46480 2.000E+0 
126.7090 1.000E+0 
126.95310 0.000E+0 
127.19730 1.000E+0 
127.44140 1.000E+0 
127.68550 0.000E+0 
127.92970 1.000E+0 
128.17380 4.000E+0 
128.4180 0.000E+0 
128.66210 1.000E+0 
128.90630 0.000E+0 
129.15040 0.000E+0 
129.39450 0.000E+0 
129.63870 0.000E+0 
129.88280 0.000E+0 
130.1270 1.000E+0 
130.37110 0.000E+0 
130.61520 0.000E+0 
130.85940 1.000E+0 
131.10350 2.000E+0 
131.34770 1.000E+0 
131.59180 0.000E+0 
131.83590 1.000E+0 
132.08010 1.000E+0 
132.32420 0.000E+0 
132.56840 1.000E+0 
132.81250 0.000E+0 
133.05660 0.000E+0 
133.30080 0.000E+0 
133.54490 0.000E+0 
133.78910 0.000E+0 
134.03320 0.000E+0 
134.27730 0.000E+0 
134.52150 0.000E+0 
134.76560 1.000E+0 
135.00980 0.000E+0 
135.25390 0.000E+0 
135.4980 0.000E+0 
135.74220 0.000E+0 
135.98630 1.000E+0 
136.23050 0.000E+0 
136.47460 0.000E+0 
136.71880 0.000E+0 
136.96290 1.000E+0 
137.2070 0.000E+0 
137.45120 0.000E+0 
137.69530 0.000E+0 
137.93950 1.000E+0 
138.18360 0.000E+0 
138.42770 0.000E+0 
138.67190 0.000E+0 
138.9160 0.000E+0 
139.16020 1.000E+0 
139.40430 0.000E+0 
139.64840 0.000E+0 
139.89260 2.000E+0 
140.13670 0.000E+0 
140.38090 1.000E+0 
140.6250 0.000E+0 
140.86910 0.000E+0 
141.11330 0.000E+0 
141.35740 0.000E+0 
141.60160 0.000E+0 
141.84570 1.000E+0 
142.08980 0.000E+0 
142.3340 0.000E+0 
142.57810 0.000E+0 
142.82230 0.000E+0 
143.06640 0.000E+0 
143.31050 0.000E+0 
143.55470 0.000E+0 
143.79880 0.000E+0 
144.0430 0.000E+0 
144.28710 0.000E+0 
144.53130 0.000E+0 
144.77540 0.000E+0 
145.01950 0.000E+0 
145.26370 0.000E+0 
145.50780 0.000E+0 
145.7520 1.000E+0 
145.99610 0.000E+0 
146.24020 0.000E+0 
146.48440 0.000E+0 
146.72850 0.000E+0 
146.97270 0.000E+0 
147.21680 0.000E+0 
147.46090 1.000E+0 
147.70510 0.000E+0 
147.94920 1.000E+0 
148.19340 0.000E+0 
148.43750 0.000E+0 
148.68160 0.000E+0 
148.92580 0.000E+0 
149.16990 0.000E+0 
149.41410 0.000E+0 
149.65820 0.000E+0 
149.90230 0.000E+0 
150.14650 0.000E+0 
150.39060 0.000E+0 
150.63480 0.000E+0 
150.87890 0.000E+0 
151.1230 0.000E+0 
151.36720 0.000E+0 
151.61130 1.000E+0 
151.85550 0.000E+0 
152.09960 0.000E+0 
152.34380 0.000E+0 
152.58790 0.000E+0 
152.8320 0.000E+0 
153.07620 0.000E+0 
153.32030 1.000E+0 
153.56450 0.000E+0 
153.80860 0.000E+0 
154.05270 1.000E+0 
154.29690 0.000E+0 
154.5410 1.000E+0 
154.78520 0.000E+0 
155.02930 0.000E+0 
155.27340 0.000E+0 
155.51760 0.000E+0 
155.76170 0.000E+0 
156.00590 0.000E+0 
156.250 0.000E+0 
156.49410 0.000E+0 
156.73830 0.000E+0 
156.98240 0.000E+0 
157.22660 0.000E+0 
157.47070 0.000E+0 
157.71480 0.000E+0 
157.9590 0.000E+0 
158.20310 0.000E+0 
158.44730 0.000E+0 
158.69140 0.000E+0 
158.93550 0.000E+0 
159.17970 0.000E+0 
159.42380 0.000E+0 
159.6680 0.000E+0 
159.91210 0.000E+0 
160.15630 0.000E+0 
160.40040 0.000E+0 
160.64450 0.000E+0 
160.88870 0.000E+0 
161.13280 0.000E+0 
161.3770 0.000E+0 
161.62110 0.000E+0 
161.86520 0.000E+0 
162.10940 0.000E+0 
162.35350 0.000E+0 
162.59770 0.000E+0 
162.84180 0.000E+0 
163.08590 0.000E+0 
163.33010 0.000E+0 
163.57420 0.000E+0 
163.81840 0.000E+0 
164.06250 0.000E+0 
164.30660 0.000E+0 
164.55080 0.000E+0 
164.79490 0.000E+0 
165.03910 0.000E+0 
165.28320 0.000E+0 
165.52730 0.000E+0 
165.77150 0.000E+0 
166.01560 0.000E+0 
166.25980 0.000E+0 
166.50390 0.000E+0 
166.7480 0.000E+0 
166.99220 0.000E+0 
167.23630 0.000E+0 
167.48050 0.000E+0 
167.72460 0.000E+0 
167.96880 0.000E+0 
168.21290 0.000E+0 
168.4570 0.000E+0 
168.70120 0.000E+0 
168.94530 0.000E+0 
169.18950 0.000E+0 
169.43360 0.000E+0 
169.67770 0.000E+0 
169.92190 0.000E+0 
170.1660 0.000E+0 
170.41020 0.000E+0 
170.65430 0.000E+0 
170.89840 0.000E+0 
171.14260 0.000E+0 
171.38670 0.000E+0 
171.63090 0.000E+0 
171.8750 0.000E+0 
172.11910 0.000E+0 
172.36330 0.000E+0 
172.60740 0.000E+0 
172.85160 0.000E+0 
173.09570 0.000E+0 
173.33980 0.000E+0 
173.5840 0.000E+0 
173.82810 0.000E+0 
174.07230 0.000E+0 
174.31640 0.000E+0 
174.56050 0.000E+0 
174.80470 0.000E+0 
175.04880 0.000E+0 
175.2930 0.000E+0 
175.53710 0.000E+0 
175.78130 0.000E+0 
176.02540 0.000E+0 
176.26950 0.000E+0 
176.51370 0.000E+0 
176.75780 0.000E+0 
177.0020 0.000E+0 
177.24610 0.000E+0 
177.49020 0.000E+0 
177.73440 0.000E+0 
177.97850 0.000E+0 
178.22270 0.000E+0 
178.46680 0.000E+0 
178.71090 0.000E+0 
178.95510 0.000E+0 
179.19920 0.000E+0 
179.44340 0.000E+0 
179.68750 0.000E+0 
179.93160 0.000E+0 
180.17580 0.000E+0 
180.41990 0.000E+0 
180.66410 0.000E+0 
180.90820 0.000E+0 
181.15230 0.000E+0 
181.39650 0.000E+0 
181.64060 0.000E+0 
181.88480 0.000E+0 
182.12890 0.000E+0 
182.3730 0.000E+0 
182.61720 0.000E+0 
182.86130 0.000E+0 
183.10550 0.000E+0 
183.34960 0.000E+0 
183.59380 0.000E+0 
183.83790 0.000E+0 
184.0820 0.000E+0 
184.32620 0.000E+0 
184.57030 0.000E+0 
184.81450 0.000E+0 
185.05860 0.000E+0 
185.30270 0.000E+0 
185.54690 0.000E+0 
185.7910 0.000E+0 
186.03520 0.000E+0 
186.27930 0.000E+0 
186.52340 0.000E+0 
186.76760 0.000E+0 
187.01170 0.000E+0 
187.25590 0.000E+0 
187.50 0.000E+0 
187.74410 0.000E+0 
187.98830 0.000E+0 
188.23240 0.000E+0 
188.47660 0.000E+0 
188.72070 0.000E+0 
188.96480 0.000E+0 
189.2090 0.000E+0 
189.45310 0.000E+0 
189.69730 0.000E+0 
189.94140 0.000E+0 
190.18550 0.000E+0 
190.42970 0.000E+0 
190.67380 0.000E+0 
190.9180 0.000E+0 
191.16210 0.000E+0 
191.40630 0.000E+0 
191.65040 0.000E+0 
191.89450 0.000E+0 
192.13870 0.000E+0 
192.38280 0.000E+0 
192.6270 0.000E+0 
192.87110 0.000E+0 
193.11520 0.000E+0 
193.35940 0.000E+0 
193.60350 0.000E+0 
193.84770 0.000E+0 
194.09180 0.000E+0 
194.33590 0.000E+0 
194.58010 0.000E+0 
194.82420 0.000E+0 
195.06840 0.000E+0 
195.31250 0.000E+0 
195.55660 0.000E+0 
195.80080 0.000E+0 
196.04490 0.000E+0 
196.28910 0.000E+0 
196.53320 0.000E+0 
196.77730 0.000E+0 
197.02150 0.000E+0 
197.26560 0.000E+0 
197.50980 0.000E+0 
197.75390 0.000E+0 
197.9980 0.000E+0 
198.24220 0.000E+0 
198.48630 0.000E+0 
198.73050 0.000E+0 
198.97460 0.000E+0 
199.21880 0.000E+0 
199.46290 0.000E+0 
199.7070 0.000E+0 
199.95120 0.000E+0 
200.19530 0.000E+0 
200.43950 0.000E+0 
200.68360 0.000E+0 
200.92770 0.000E+0 
201.17190 0.000E+0 
201.4160 0.000E+0 
201.66020 0.000E+0 
201.90430 0.000E+0 
202.14840 0.000E+0 
202.39260 0.000E+0 
202.63670 0.000E+0 
202.88090 0.000E+0 
203.1250 0.000E+0 
203.36910 0.000E+0 
203.61330 0.000E+0 
203.85740 0.000E+0 
204.10160 0.000E+0 
204.34570 0.000E+0 
204.58980 0.000E+0 
204.8340 0.000E+0 
205.07810 0.000E+0 
205.32230 0.000E+0 
205.56640 0.000E+0 
205.81050 0.000E+0 
206.05470 0.000E+0 
206.29880 0.000E+0 
206.5430 0.000E+0 
206.78710 0.000E+0 
207.03130 0.000E+0 
207.27540 0.000E+0 
207.51950 0.000E+0 
207.76370 0.000E+0 
208.00780 0.000E+0 
208.2520 0.000E+0 
208.49610 0.000E+0 
208.74020 0.000E+0 
208.98440 0.000E+0 
209.22850 0.000E+0 
209.47270 0.000E+0 
209.71680 0.000E+0 
209.96090 0.000E+0 
210.20510 0.000E+0 
210.44920 0.000E+0 
210.69340 0.000E+0 
210.93750 0.000E+0 
211.18160 0.000E+0 
211.42580 0.000E+0 
211.66990 0.000E+0 
211.91410 0.000E+0 
212.15820 0.000E+0 
212.40230 0.000E+0 
212.64650 0.000E+0 
212.89060 0.000E+0 
213.13480 0.000E+0 
213.37890 0.000E+0 
213.6230 0.000E+0 
213.86720 0.000E+0 
214.11130 0.000E+0 
214.35550 0.000E+0 
214.59960 0.000E+0 
214.84380 0.000E+0 
215.08790 0.000E+0 
215.3320 0.000E+0 
215.57620 0.000E+0 
215.82030 0.000E+0 
216.06450 0.000E+0 
216.30860 0.000E+0 
216.55270 0.000E+0 
216.79690 0.000E+0 
217.0410 0.000E+0 
217.28520 0.000E+0 
217.52930 0.000E+0 
217.77340 0.000E+0 
218.01760 0.000E+0 
218.26170 0.000E+0 
218.50590 0.000E+0 
218.750 0.000E+0 
218.99410 0.000E+0 
219.23830 0.000E+0 
219.48240 0.000E+0 
219.72660 0.000E+0 
219.97070 0.000E+0 
220.21480 0.000E+0 
220.4590 0.000E+0 
220.70310 0.000E+0 
220.94730 0.000E+0 
221.19140 0.000E+0 
221.43550 0.000E+0 
221.67970 0.000E+0 
221.92380 0.000E+0 
222.1680 0.000E+0 
222.41210 0.000E+0 
222.65630 0.000E+0 
222.90040 0.000E+0 
223.14450 0.000E+0 
223.38870 0.000E+0 
223.63280 0.000E+0 
223.8770 0.000E+0 
224.12110 0.000E+0 
224.36520 0.000E+0 
224.60940 0.000E+0 
224.85350 0.000E+0 
225.09770 0.000E+0 
225.34180 0.000E+0 
225.58590 0.000E+0 
225.83010 0.000E+0 
226.07420 0.000E+0 
226.31840 0.000E+0 
226.56250 0.000E+0 
226.80660 0.000E+0 
227.05080 0.000E+0 
227.29490 0.000E+0 
227.53910 0.000E+0 
227.78320 0.000E+0 
228.02730 0.000E+0 
228.27150 0.000E+0 
228.51560 0.000E+0 
228.75980 0.000E+0 
229.00390 0.000E+0 
229.2480 0.000E+0 
229.49220 0.000E+0 
229.73630 0.000E+0 
229.98050 0.000E+0 
230.22460 0.000E+0 
230.46880 0.000E+0 
230.71290 0.000E+0 
230.9570 0.000E+0 
231.20120 0.000E+0 
231.44530 0.000E+0 
231.68950 0.000E+0 
231.93360 0.000E+0 
232.17770 0.000E+0 
232.42190 0.000E+0 
232.6660 0.000E+0 
232.91020 0.000E+0 
233.15430 0.000E+0 
233.39840 0.000E+0 
233.64260 0.000E+0 
233.88670 0.000E+0 
234.13090 0.000E+0 
234.3750 0.000E+0 
234.61910 0.000E+0 
234.86330 0.000E+0 
235.10740 0.000E+0 
235.35160 0.000E+0 
235.59570 0.000E+0 
235.83980 0.000E+0 
236.0840 0.000E+0 
236.32810 0.000E+0 
236.57230 0.000E+0 
236.81640 0.000E+0 
237.06050 0.000E+0 
237.30470 0.000E+0 
237.54880 0.000E+0 
237.7930 0.000E+0 
238.03710 0.000E+0 
238.28130 0.000E+0 
238.52540 0.000E+0 
238.76950 0.000E+0 
239.01370 0.000E+0 
239.25780 0.000E+0 
239.5020 0.000E+0 
239.74610 0.000E+0 
239.99020 0.000E+0 
240.23440 0.000E+0 
240.47850 0.000E+0 
240.72270 0.000E+0 
240.96680 0.000E+0 
241.21090 0.000E+0 
241.45510 0.000E+0 
241.69920 0.000E+0 
241.94340 0.000E+0 
242.18750 0.000E+0 
242.43160 0.000E+0 
242.67580 0.000E+0 
242.91990 0.000E+0 
243.16410 0.000E+0 
243.40820 0.000E+0 
243.65230 0.000E+0 
243.89650 0.000E+0 
244.14060 0.000E+0 
244.38480 0.000E+0 
244.62890 0.000E+0 
244.8730 0.000E+0 
245.11720 0.000E+0 
245.36130 0.000E+0 
245.60550 0.000E+0 
245.84960 0.000E+0 
246.09380 0.000E+0 
246.33790 0.000E+0 
246.5820 0.000E+0 
246.82620 0.000E+0 
247.07030 0.000E+0 
247.31450 0.000E+0 
247.55860 0.000E+0 
247.80270 0.000E+0 
248.04690 0.000E+0 
248.2910 0.000E+0 
248.53520 0.000E+0 
248.77930 0.000E+0 
249.02340 0.000E+0 
249.26760 0.000E+0 
249.51170 0.000E+0 
249.75590 0.000E+0 
250.0 0.000E+0 
250.24410 0.000E+0 
250.48830 0.000E+0 
250.73240 0.000E+0 
250.97660 0.000E+0 
251.22070 0.000E+0 
251.46480 0.000E+0 
251.7090 0.000E+0 
251.95310 0.000E+0 
252.19730 0.000E+0 
252.44140 0.000E+0 
252.68550 0.000E+0 
252.92970 0.000E+0 
253.17380 0.000E+0 
253.4180 0.000E+0 
253.66210 0.000E+0 
253.90630 0.000E+0 
254.15040 0.000E+0 
254.39450 0.000E+0 
254.63870 0.000E+0 
254.88280 0.000E+0 
255.1270 0.000E+0 
255.37110 0.000E+0 
255.61520 0.000E+0 
255.85940 0.000E+0 
256.10350 0.000E+0 
256.34770 0.000E+0 
256.59180 0.000E+0 
256.83590 0.000E+0 
257.08010 0.000E+0 
257.32420 0.000E+0 
257.56840 0.000E+0 
257.81250 0.000E+0 
258.05660 0.000E+0 
258.30080 0.000E+0 
258.54490 0.000E+0 
258.78910 0.000E+0 
259.03320 0.000E+0 
259.27730 0.000E+0 
259.52150 0.000E+0 
259.76560 0.000E+0 
260.00980 0.000E+0 
260.25390 0.000E+0 
260.4980 0.000E+0 
260.74220 0.000E+0 
260.98630 0.000E+0 
261.23050 0.000E+0 
261.47460 0.000E+0 
261.71880 0.000E+0 
261.96290 0.000E+0 
262.2070 0.000E+0 
262.45120 0.000E+0 
262.69530 0.000E+0 
262.93950 0.000E+0 
263.18360 0.000E+0 
263.42770 0.000E+0 
263.67190 0.000E+0 
263.9160 0.000E+0 
264.16020 0.000E+0 
264.40430 0.000E+0 
264.64840 0.000E+0 
264.89260 0.000E+0 
265.13670 0.000E+0 
265.38090 0.000E+0 
265.6250 0.000E+0 
265.86910 0.000E+0 
266.11330 0.000E+0 
266.35740 0.000E+0 
266.60160 0.000E+0 
266.84570 0.000E+0 
267.08980 0.000E+0 
267.3340 0.000E+0 
267.57810 0.000E+0 
267.82230 0.000E+0 
268.06640 0.000E+0 
268.31050 0.000E+0 
268.55470 0.000E+0 
268.79880 0.000E+0 
269.0430 0.000E+0 
269.28710 0.000E+0 
269.53130 0.000E+0 
269.77540 0.000E+0 
270.01950 0.000E+0 
270.26370 0.000E+0 
270.50780 0.000E+0 
270.7520 0.000E+0 
270.99610 0.000E+0 
271.24020 0.000E+0 
271.48440 0.000E+0 
271.72850 0.000E+0 
271.97270 0.000E+0 
272.21680 0.000E+0 
272.46090 0.000E+0 
272.70510 0.000E+0 
272.94920 0.000E+0 
273.19340 0.000E+0 
273.43750 0.000E+0 
273.68160 0.000E+0 
273.92580 0.000E+0 
274.16990 0.000E+0 
274.41410 0.000E+0 
274.65820 0.000E+0 
274.90230 0.000E+0 
275.14650 0.000E+0 
275.39060 0.000E+0 
275.63480 0.000E+0 
275.87890 0.000E+0 
276.1230 0.000E+0 
276.36720 0.000E+0 
276.61130 0.000E+0 
276.85550 0.000E+0 
277.09960 0.000E+0 
277.34380 0.000E+0 
277.58790 0.000E+0 
277.8320 0.000E+0 
278.07620 0.000E+0 
278.32030 0.000E+0 
278.56450 0.000E+0 
278.80860 0.000E+0 
279.05270 0.000E+0 
279.29690 0.000E+0 
279.5410 0.000E+0 
279.78520 0.000E+0 
280.02930 0.000E+0 
280.27340 0.000E+0 
280.51760 0.000E+0 
280.76170 0.000E+0 
281.00590 0.000E+0 
281.250 0.000E+0 
281.49410 0.000E+0 
281.73830 0.000E+0 
281.98240 0.000E+0 
282.22660 0.000E+0 
282.47070 0.000E+0 
282.71480 0.000E+0 
282.9590 0.000E+0 
283.20310 0.000E+0 
283.44730 0.000E+0 
283.69140 0.000E+0 
283.93550 0.000E+0 
284.17970 0.000E+0 
284.42380 0.000E+0 
284.6680 0.000E+0 
284.91210 0.000E+0 
285.15630 0.000E+0 
285.40040 0.000E+0 
285.64450 0.000E+0 
285.88870 0.000E+0 
286.13280 0.000E+0 
286.3770 0.000E+0 
286.62110 0.000E+0 
286.86520 0.000E+0 
287.10940 0.000E+0 
287.35350 0.000E+0 
287.59770 0.000E+0 
287.84180 0.000E+0 
288.08590 0.000E+0 
288.33010 0.000E+0 
288.57420 0.000E+0 
288.81840 0.000E+0 
289.06250 0.000E+0 
289.30660 0.000E+0 
289.55080 0.000E+0 
289.79490 0.000E+0 
290.03910 0.000E+0 
290.28320 0.000E+0 
290.52730 0.000E+0 
290.77150 0.000E+0 
291.01560 0.000E+0 
291.25980 0.000E+0 
291.50390 0.000E+0 
291.7480 0.000E+0 
291.99220 0.000E+0 
292.23630 0.000E+0 
292.48050 0.000E+0 
292.72460 0.000E+0 
292.96880 0.000E+0 
293.21290 0.000E+0 
293.4570 0.000E+0 
293.70120 0.000E+0 
293.94530 0.000E+0 
294.18950 0.000E+0 
294.43360 0.000E+0 
294.67770 0.000E+0 
294.92190 0.000E+0 
295.1660 0.000E+0 
295.41020 0.000E+0 
295.65430 0.000E+0 
295.89840 0.000E+0 
296.14260 0.000E+0 
296.38670 0.000E+0 
296.63090 0.000E+0 
296.8750 0.000E+0 
297.11910 0.000E+0 
297.36330 0.000E+0 
297.60740 0.000E+0 
297.85160 0.000E+0 
298.09570 0.000E+0 
298.33980 0.000E+0 
298.5840 0.000E+0 
298.82810 0.000E+0 
299.07230 0.000E+0 
299.31640 0.000E+0 
299.56050 0.000E+0 
299.80470 0.000E+0 
300.04880 0.000E+0 
300.2930 0.000E+0 
300.53710 0.000E+0 
300.78130 0.000E+0 
301.02540 0.000E+0 
301.26950 0.000E+0 
301.51370 0.000E+0 
301.75780 0.000E+0 
302.0020 0.000E+0 
302.24610 0.000E+0 
302.49020 0.000E+0 
302.73440 0.000E+0 
302.97850 0.000E+0 
303.22270 0.000E+0 
303.46680 0.000E+0 
303.71090 0.000E+0 
303.95510 0.000E+0 
304.19920 0.000E+0 
304.44340 0.000E+0 
304.68750 0.000E+0 
304.93160 0.000E+0 
305.17580 0.000E+0 
305.41990 0.000E+0 
305.66410 0.000E+0 
305.90820 0.000E+0 
306.15230 0.000E+0 
306.39650 0.000E+0 
306.64060 0.000E+0 
306.88480 0.000E+0 
307.12890 0.000E+0 
307.3730 0.000E+0 
307.61720 0.000E+0 
307.86130 0.000E+0 
308.10550 0.000E+0 
308.34960 0.000E+0 
308.59380 0.000E+0 
308.83790 0.000E+0 
309.0820 0.000E+0 
309.32620 0.000E+0 
309.57030 0.000E+0 
309.81450 0.000E+0 
310.05860 0.000E+0 
310.30270 0.000E+0 
310.54690 0.000E+0 
310.7910 0.000E+0 
311.03520 0.000E+0 
311.27930 0.000E+0 
311.52340 0.000E+0 
311.76760 0.000E+0 
312.01170 0.000E+0 
312.25590 0.000E+0 
312.50 0.000E+0 
312.74410 0.000E+0 
312.98830 0.000E+0 
313.23240 0.000E+0 
313.47660 0.000E+0 
313.72070 0.000E+0 
313.96480 0.000E+0 
314.2090 0.000E+0 
314.45310 0.000E+0 
314.69730 0.000E+0 
314.94140 0.000E+0 
315.18550 0.000E+0 
315.42970 0.000E+0 
315.67380 0.000E+0 
315.9180 0.000E+0 
316.16210 0.000E+0 
316.40630 0.000E+0 
316.65040 0.000E+0 
316.89450 0.000E+0 
317.13870 0.000E+0 
317.38280 0.000E+0 
317.6270 0.000E+0 
317.87110 0.000E+0 
318.11520 0.000E+0 
318.35940 0.000E+0 
318.60350 0.000E+0 
318.84770 0.000E+0 
319.09180 0.000E+0 
319.33590 0.000E+0 
319.58010 0.000E+0 
319.82420 0.000E+0 
320.06840 0.000E+0 
320.31250 0.000E+0 
320.55660 0.000E+0 
320.80080 0.000E+0 
321.04490 0.000E+0 
321.28910 0.000E+0 
321.53320 0.000E+0 
321.77730 0.000E+0 
322.02150 0.000E+0 
322.26560 0.000E+0 
322.50980 0.000E+0 
322.75390 0.000E+0 
322.9980 0.000E+0 
323.24220 0.000E+0 
323.48630 0.000E+0 
323.73050 0.000E+0 
323.97460 0.000E+0 
324.21880 0.000E+0 
324.46290 0.000E+0 
324.7070 0.000E+0 
324.95120 0.000E+0 
325.19530 0.000E+0 
325.43950 0.000E+0 
325.68360 0.000E+0 
325.92770 0.000E+0 
326.17190 0.000E+0 
326.4160 0.000E+0 
326.66020 0.000E+0 
326.90430 0.000E+0 
327.14840 0.000E+0 
327.39260 0.000E+0 
327.63670 0.000E+0 
327.88090 0.000E+0 
328.1250 0.000E+0 
328.36910 0.000E+0 
328.61330 0.000E+0 
328.85740 0.000E+0 
329.10160 0.000E+0 
329.34570 0.000E+0 
329.58980 0.000E+0 
329.8340 0.000E+0 
330.07810 0.000E+0 
330.32230 0.000E+0 
330.56640 0.000E+0 
330.81050 0.000E+0 
331.05470 0.000E+0 
331.29880 0.000E+0 
331.5430 0.000E+0 
331.78710 0.000E+0 
332.03130 1.000E+0 
332.27540 0.000E+0 
332.51950 0.000E+0 
332.76370 0.000E+0 
333.00780 0.000E+0 
333.2520 0.000E+0 
333.49610 0.000E+0 
333.74020 0.000E+0 
333.98440 0.000E+0 
334.22850 0.000E+0 
334.47270 0.000E+0 
334.71680 0.000E+0 
334.96090 0.000E+0 
335.20510 0.000E+0 
335.44920 0.000E+0 
335.69340 0.000E+0 
335.93750 0.000E+0 
336.18160 0.000E+0 
336.42580 0.000E+0 
336.66990 0.000E+0 
336.91410 0.000E+0 
337.15820 0.000E+0 
337.40230 0.000E+0 
337.64650 0.000E+0 
337.89060 0.000E+0 
338.13480 0.000E+0 
338.37890 0.000E+0 
338.6230 0.000E+0 
338.86720 0.000E+0 
339.11130 0.000E+0 
339.35550 0.000E+0 
339.59960 0.000E+0 
339.84380 0.000E+0 
340.08790 0.000E+0 
340.3320 0.000E+0 
340.57620 0.000E+0 
340.82030 0.000E+0 
341.06450 0.000E+0 
341.30860 0.000E+0 
341.55270 0.000E+0 
341.79690 0.000E+0 
342.0410 0.000E+0 
342.28520 0.000E+0 
342.52930 0.000E+0 
342.77340 0.000E+0 
343.01760 0.000E+0 
343.26170 0.000E+0 
343.50590 0.000E+0 
343.750 0.000E+0 
343.99410 0.000E+0 
344.23830 0.000E+0 
344.48240 0.000E+0 
344.72660 0.000E+0 
344.97070 0.000E+0 
345.21480 0.000E+0 
345.4590 0.000E+0 
345.70310 0.000E+0 
345.94730 0.000E+0 
346.19140 0.000E+0 
346.43550 0.000E+0 
346.67970 0.000E+0 
346.92380 0.000E+0 
347.1680 0.000E+0 
347.41210 0.000E+0 
347.65630 0.000E+0 
347.90040 0.000E+0 
348.14450 0.000E+0 
348.38870 0.000E+0 
348.63280 0.000E+0 
348.8770 0.000E+0 
349.12110 0.000E+0 
349.36520 0.000E+0 
349.60940 0.000E+0 
349.85350 0.000E+0 
350.09770 0.000E+0 
350.34180 0.000E+0 
350.58590 0.000E+0 
350.83010 0.000E+0 
351.07420 0.000E+0 
351.31840 0.000E+0 
351.56250 0.000E+0 
351.80660 0.000E+0 
352.05080 0.000E+0 
352.29490 0.000E+0 
352.53910 0.000E+0 
352.78320 0.000E+0 
353.02730 0.000E+0 
353.27150 0.000E+0 
353.51560 0.000E+0 
353.75980 0.000E+0 
354.00390 0.000E+0 
354.2480 0.000E+0 
354.49220 0.000E+0 
354.73630 0.000E+0 
354.98050 0.000E+0 
355.22460 0.000E+0 
355.46880 0.000E+0 
355.71290 0.000E+0 
355.9570 0.000E+0 
356.20120 0.000E+0 
356.44530 0.000E+0 
356.68950 0.000E+0 
356.93360 0.000E+0 
357.17770 0.000E+0 
357.42190 0.000E+0 
357.6660 0.000E+0 
357.91020 0.000E+0 
358.15430 0.000E+0 
358.39840 0.000E+0 
358.64260 0.000E+0 
358.88670 0.000E+0 
359.13090 0.000E+0 
359.3750 0.000E+0 
359.61910 0.000E+0 
359.86330 0.000E+0 
360.10740 0.000E+0 
360.35160 0.000E+0 
360.59570 0.000E+0 
360.83980 0.000E+0 
361.0840 0.000E+0 
361.32810 0.000E+0 
361.57230 0.000E+0 
361.81640 0.000E+0 
362.06050 0.000E+0 
362.30470 0.000E+0 
362.54880 0.000E+0 
362.7930 0.000E+0 
363.03710 0.000E+0 
363.28130 0.000E+0 
363.52540 0.000E+0 
363.76950 0.000E+0 
364.01370 0.000E+0 
364.25780 0.000E+0 
364.5020 0.000E+0 
364.74610 0.000E+0 
364.99020 0.000E+0 
365.23440 0.000E+0 
365.47850 0.000E+0 
365.72270 0.000E+0 
365.96680 0.000E+0 
366.21090 0.000E+0 
366.45510 0.000E+0 
366.69920 0.000E+0 
366.94340 0.000E+0 
367.18750 0.000E+0 
367.43160 0.000E+0 
367.67580 0.000E+0 
367.91990 0.000E+0 
368.16410 0.000E+0 
368.40820 0.000E+0 
368.65230 0.000E+0 
368.89650 0.000E+0 
369.14060 0.000E+0 
369.38480 0.000E+0 
369.62890 0.000E+0 
369.8730 1.000E+0 
370.11720 0.000E+0 
370.36130 0.000E+0 
370.60550 0.000E+0 
370.84960 0.000E+0 
371.09380 0.000E+0 
371.33790 0.000E+0 
371.5820 0.000E+0 
371.82620 0.000E+0 
372.07030 0.000E+0 
372.31450 0.000E+0 
372.55860 0.000E+0 
372.80270 0.000E+0 
373.04690 0.000E+0 
373.2910 0.000E+0 
373.53520 0.000E+0 
373.77930 0.000E+0 
374.02340 0.000E+0 
374.26760 0.000E+0 
374.51170 0.000E+0 
374.75590 0.000E+0 
375.0 0.000E+0 
375.24410 0.000E+0 
375.48830 0.000E+0 
375.73240 0.000E+0 
375.97660 0.000E+0 
376.22070 0.000E+0 
376.46480 0.000E+0 
376.7090 0.000E+0 
376.95310 0.000E+0 
377.19730 0.000E+0 
377.44140 0.000E+0 
377.68550 0.000E+0 
377.92970 0.000E+0 
378.17380 0.000E+0 
378.4180 0.000E+0 
378.66210 0.000E+0 
378.90630 0.000E+0 
379.15040 0.000E+0 
379.39450 0.000E+0 
379.63870 0.000E+0 
379.88280 0.000E+0 
380.1270 0.000E+0 
380.37110 0.000E+0 
380.61520 0.000E+0 
380.85940 0.000E+0 
381.10350 0.000E+0 
381.34770 0.000E+0 
381.59180 0.000E+0 
381.83590 0.000E+0 
382.08010 0.000E+0 
382.32420 0.000E+0 
382.56840 0.000E+0 
382.81250 0.000E+0 
383.05660 0.000E+0 
383.30080 0.000E+0 
383.54490 0.000E+0 
383.78910 0.000E+0 
384.03320 0.000E+0 
384.27730 0.000E+0 
384.52150 0.000E+0 
384.76560 0.000E+0 
385.00980 0.000E+0 
385.25390 0.000E+0 
385.4980 0.000E+0 
385.74220 0.000E+0 
385.98630 0.000E+0 
386.23050 0.000E+0 
386.47460 0.000E+0 
386.71880 0.000E+0 
386.96290 0.000E+0 
387.2070 0.000E+0 
387.45120 0.000E+0 
387.69530 0.000E+0 
387.93950 0.000E+0 
388.18360 0.000E+0 
388.42770 1.000E+0 
388.67190 0.000E+0 
388.9160 0.000E+0 
389.16020 0.000E+0 
389.40430 0.000E+0 
389.64840 0.000E+0 
389.89260 0.000E+0 
390.13670 0.000E+0 
390.38090 0.000E+0 
390.6250 0.000E+0 
390.86910 0.000E+0 
391.11330 0.000E+0 
391.35740 0.000E+0 
391.60160 0.000E+0 
391.84570 0.000E+0 
392.08980 0.000E+0 
392.3340 0.000E+0 
392.57810 0.000E+0 
392.82230 0.000E+0 
393.06640 0.000E+0 
393.31050 0.000E+0 
393.55470 0.000E+0 
393.79880 0.000E+0 
394.0430 0.000E+0 
394.28710 0.000E+0 
394.53130 0.000E+0 
394.77540 0.000E+0 
395.01950 0.000E+0 
395.26370 0.000E+0 
395.50780 0.000E+0 
395.7520 0.000E+0 
395.99610 0.000E+0 
396.24020 0.000E+0 
396.48440 0.000E+0 
396.72850 0.000E+0 
396.97270 0.000E+0 
397.21680 0.000E+0 
397.46090 0.000E+0 
397.70510 0.000E+0 
397.94920 0.000E+0 
398.19340 0.000E+0 
398.43750 0.000E+0 
398.68160 0.000E+0 
398.92580 0.000E+0 
399.16990 0.000E+0 
399.41410 0.000E+0 
399.65820 0.000E+0 
399.90230 0.000E+0 
400.14650 0.000E+0 
400.39060 0.000E+0 
400.63480 0.000E+0 
400.87890 0.000E+0 
401.1230 0.000E+0 
401.36720 0.000E+0 
401.61130 0.000E+0 
401.85550 0.000E+0 
402.09960 0.000E+0 
402.34380 0.000E+0 
402.58790 0.000E+0 
402.8320 0.000E+0 
403.07620 0.000E+0 
403.32030 0.000E+0 
403.56450 0.000E+0 
403.80860 0.000E+0 
404.05270 0.000E+0 
404.29690 0.000E+0 
404.5410 0.000E+0 
404.78520 0.000E+0 
405.02930 0.000E+0 
405.27340 0.000E+0 
405.51760 0.000E+0 
405.76170 0.000E+0 
406.00590 0.000E+0 
406.250 0.000E+0 
406.49410 0.000E+0 
406.73830 0.000E+0 
406.98240 0.000E+0 
407.22660 0.000E+0 
407.47070 0.000E+0 
407.71480 0.000E+0 
407.9590 0.000E+0 
408.20310 0.000E+0 
408.44730 0.000E+0 
408.69140 0.000E+0 
408.93550 0.000E+0 
409.17970 0.000E+0 
409.42380 0.000E+0 
409.6680 0.000E+0 
409.91210 0.000E+0 
410.15630 0.000E+0 
410.40040 0.000E+0 
410.64450 0.000E+0 
410.88870 0.000E+0 
411.13280 0.000E+0 
411.3770 0.000E+0 
411.62110 0.000E+0 
411.86520 0.000E+0 
412.10940 0.000E+0 
412.35350 0.000E+0 
412.59770 0.000E+0 
412.84180 0.000E+0 
413.08590 0.000E+0 
413.33010 0.000E+0 
413.57420 0.000E+0 
413.81840 0.000E+0 
414.06250 0.000E+0 
414.30660 0.000E+0 
414.55080 0.000E+0 
414.79490 0.000E+0 
415.03910 0.000E+0 
415.28320 0.000E+0 
415.52730 0.000E+0 
415.77150 0.000E+0 
416.01560 0.000E+0 
416.25980 0.000E+0 
416.50390 0.000E+0 
416.7480 0.000E+0 
416.99220 0.000E+0 
417.23630 0.000E+0 
417.48050 0.000E+0 
417.72460 0.000E+0 
417.96880 0.000E+0 
418.21290 0.000E+0 
418.4570 0.000E+0 
418.70120 0.000E+0 
418.94530 0.000E+0 
419.18950 0.000E+0 
419.43360 0.000E+0 
419.67770 0.000E+0 
419.92190 0.000E+0 
420.1660 0.000E+0 
420.41020 0.000E+0 
420.65430 0.000E+0 
420.89840 0.000E+0 
421.14260 0.000E+0 
421.38670 0.000E+0 
421.63090 0.000E+0 
421.8750 0.000E+0 
422.11910 0.000E+0 
422.36330 0.000E+0 
422.60740 0.000E+0 
422.85160 0.000E+0 
423.09570 0.000E+0 
423.33980 0.000E+0 
423.5840 0.000E+0 
423.82810 0.000E+0 
424.07230 0.000E+0 
424.31640 0.000E+0 
424.56050 0.000E+0 
424.80470 0.000E+0 
425.04880 0.000E+0 
425.2930 0.000E+0 
425.53710 0.000E+0 
425.78130 0.000E+0 
426.02540 0.000E+0 
426.26950 0.000E+0 
426.51370 0.000E+0 
426.75780 0.000E+0 
427.0020 0.000E+0 
427.24610 0.000E+0 
427.49020 0.000E+0 
427.73440 0.000E+0 
427.97850 0.000E+0 
428.22270 0.000E+0 
428.46680 0.000E+0 
428.71090 0.000E+0 
428.95510 0.000E+0 
429.19920 0.000E+0 
429.44340 0.000E+0 
429.68750 0.000E+0 
429.93160 0.000E+0 
430.17580 0.000E+0 
430.41990 0.000E+0 
430.66410 0.000E+0 
430.90820 0.000E+0 
431.15230 0.000E+0 
431.39650 0.000E+0 
431.64060 0.000E+0 
431.88480 0.000E+0 
432.12890 0.000E+0 
432.3730 0.000E+0 
432.61720 0.000E+0 
432.86130 0.000E+0 
433.10550 0.000E+0 
433.34960 0.000E+0 
433.59380 0.000E+0 
433.83790 0.000E+0 
434.0820 0.000E+0 
434.32620 0.000E+0 
434.57030 0.000E+0 
434.81450 0.000E+0 
435.05860 0.000E+0 
435.30270 0.000E+0 
435.54690 0.000E+0 
435.7910 0.000E+0 
436.03520 0.000E+0 
436.27930 0.000E+0 
436.52340 0.000E+0 
436.76760 0.000E+0 
437.01170 0.000E+0 
437.25590 0.000E+0 
437.50 0.000E+0 
437.74410 0.000E+0 
437.98830 0.000E+0 
438.23240 0.000E+0 
438.47660 0.000E+0 
438.72070 0.000E+0 
438.96480 0.000E+0 
439.2090 0.000E+0 
439.45310 0.000E+0 
439.69730 0.000E+0 
439.94140 0.000E+0 
440.18550 0.000E+0 
440.42970 0.000E+0 
440.67380 0.000E+0 
440.9180 0.000E+0 
441.16210 0.000E+0 
441.40630 0.000E+0 
441.65040 0.000E+0 
441.89450 0.000E+0 
442.13870 0.000E+0 
442.38280 0.000E+0 
442.6270 0.000E+0 
442.87110 0.000E+0 
443.11520 0.000E+0 
443.35940 0.000E+0 
443.60350 0.000E+0 
443.84770 0.000E+0 
444.09180 0.000E+0 
444.33590 0.000E+0 
444.58010 0.000E+0 
444.82420 0.000E+0 
445.06840 0.000E+0 
445.31250 0.000E+0 
445.55660 0.000E+0 
445.80080 0.000E+0 
446.04490 0.000E+0 
446.28910 0.000E+0 
446.53320 0.000E+0 
446.77730 0.000E+0 
447.02150 0.000E+0 
447.26560 0.000E+0 
447.50980 0.000E+0 
447.75390 0.000E+0 
447.9980 0.000E+0 
448.24220 0.000E+0 
448.48630 0.000E+0 
448.73050 0.000E+0 
448.97460 0.000E+0 
449.21880 0.000E+0 
449.46290 0.000E+0 
449.7070 0.000E+0 
449.95120 0.000E+0 
450.19530 0.000E+0 
450.43950 0.000E+0 
450.68360 0.000E+0 
450.92770 0.000E+0 
451.17190 0.000E+0 
451.4160 0.000E+0 
451.66020 0.000E+0 
451.90430 0.000E+0 
452.14840 0.000E+0 
452.39260 0.000E+0 
452.63670 0.000E+0 
452.88090 0.000E+0 
453.1250 0.000E+0 
453.36910 0.000E+0 
453.61330 0.000E+0 
453.85740 0.000E+0 
454.10160 0.000E+0 
454.34570 0.000E+0 
454.58980 0.000E+0 
454.8340 0.000E+0 
455.07810 0.000E+0 
455.32230 0.000E+0 
455.56640 0.000E+0 
455.81050 0.000E+0 
456.05470 0.000E+0 
456.29880 0.000E+0 
456.5430 0.000E+0 
456.78710 0.000E+0 
457.03130 0.000E+0 
457.27540 0.000E+0 
457.51950 0.000E+0 
457.76370 0.000E+0 
458.00780 0.000E+0 
458.2520 0.000E+0 
458.49610 0.000E+0 
458.74020 0.000E+0 
458.98440 0.000E+0 
459.22850 0.000E+0 
459.47270 0.000E+0 
459.71680 0.000E+0 
459.96090 0.000E+0 
460.20510 0.000E+0 
460.44920 1.000E+0 
460.69340 0.000E+0 
460.93750 0.000E+0 
461.18160 0.000E+0 
461.42580 0.000E+0 
461.66990 0.000E+0 
461.91410 0.000E+0 
462.15820 0.000E+0 
462.40230 0.000E+0 
462.64650 0.000E+0 
462.89060 0.000E+0 
463.13480 0.000E+0 
463.37890 0.000E+0 
463.6230 0.000E+0 
463.86720 0.000E+0 
464.11130 0.000E+0 
464.35550 0.000E+0 
464.59960 0.000E+0 
464.84380 0.000E+0 
465.08790 0.000E+0 
465.3320 0.000E+0 
465.57620 0.000E+0 
465.82030 0.000E+0 
466.06450 0.000E+0 
466.30860 0.000E+0 
466.55270 0.000E+0 
466.79690 0.000E+0 
467.0410 0.000E+0 
467.28520 0.000E+0 
467.52930 0.000E+0 
467.77340 0.000E+0 
468.01760 0.000E+0 
468.26170 0.000E+0 
468.50590 0.000E+0 
468.750 0.000E+0 
468.99410 0.000E+0 
469.23830 0.000E+0 
469.48240 0.000E+0 
469.72660 0.000E+0 
469.97070 0.000E+0 
470.21480 0.000E+0 
470.4590 0.000E+0 
470.70310 0.000E+0 
470.94730 0.000E+0 
471.19140 0.000E+0 
471.43550 0.000E+0 
471.67970 0.000E+0 
471.92380 0.000E+0 
472.1680 0.000E+0 
472.41210 0.000E+0 
472.65630 0.000E+0 
472.90040 0.000E+0 
473.14450 0.000E+0 
473.38870 0.000E+0 
473.63280 0.000E+0 
473.8770 0.000E+0 
474.12110 0.000E+0 
474.36520 0.000E+0 
474.60940 0.000E+0 
474.85350 0.000E+0 
475.09770 0.000E+0 
475.34180 0.000E+0 
475.58590 0.000E+0 
475.83010 0.000E+0 
476.07420 0.000E+0 
476.31840 0.000E+0 
476.56250 0.000E+0 
476.80660 0.000E+0 
477.05080 0.000E+0 
477.29490 0.000E+0 
477.53910 0.000E+0 
477.78320 0.000E+0 
478.02730 0.000E+0 
478.27150 0.000E+0 
478.51560 0.000E+0 
478.75980 0.000E+0 
479.00390 0.000E+0 
479.2480 0.000E+0 
479.49220 0.000E+0 
479.73630 0.000E+0 
479.98050 0.000E+0 
480.22460 1.000E+0 
480.46880 0.000E+0 
480.71290 0.000E+0 
480.9570 0.000E+0 
481.20120 0.000E+0 
481.44530 0.000E+0 
481.68950 0.000E+0 
481.93360 0.000E+0 
482.17770 0.000E+0 
482.42190 0.000E+0 
482.6660 0.000E+0 
482.91020 0.000E+0 
483.15430 0.000E+0 
483.39840 0.000E+0 
483.64260 0.000E+0 
483.88670 0.000E+0 
484.13090 0.000E+0 
484.3750 0.000E+0 
484.61910 0.000E+0 
484.86330 0.000E+0 
485.10740 0.000E+0 
485.35160 0.000E+0 
485.59570 0.000E+0 
485.83980 0.000E+0 
486.0840 0.000E+0 
486.32810 0.000E+0 
486.57230 0.000E+0 
486.81640 0.000E+0 
487.06050 0.000E+0 
487.30470 0.000E+0 
487.54880 0.000E+0 
487.7930 0.000E+0 
488.03710 0.000E+0 
488.28130 0.000E+0 
488.52540 0.000E+0 
488.76950 0.000E+0 
489.01370 0.000E+0 
489.25780 0.000E+0 
489.5020 0.000E+0 
489.74610 0.000E+0 
489.99020 0.000E+0 
490.23440 0.000E+0 
490.47850 0.000E+0 
490.72270 0.000E+0 
490.96680 0.000E+0 
491.21090 0.000E+0 
491.45510 0.000E+0 
491.69920 0.000E+0 
491.94340 0.000E+0 
492.18750 1.000E+0 
492.43160 0.000E+0 
492.67580 0.000E+0 
492.91990 0.000E+0 
493.16410 1.000E+0 
493.40820 0.000E+0 
493.65230 0.000E+0 
493.89650 0.000E+0 
494.14060 0.000E+0 
494.38480 0.000E+0 
494.62890 0.000E+0 
494.8730 0.000E+0 
495.11720 0.000E+0 
495.36130 0.000E+0 
495.60550 0.000E+0 
495.84960 0.000E+0 
496.09380 0.000E+0 
496.33790 0.000E+0 
496.5820 0.000E+0 
496.82620 0.000E+0 
497.07030 0.000E+0 
497.31450 0.000E+0 
497.55860 0.000E+0 
497.80270 0.000E+0 
498.04690 0.000E+0 
498.2910 0.000E+0 
498.53520 0.000E+0 
498.77930 0.000E+0 
499.02340 0.000E+0 
499.26760 0.000E+0 
499.51170 0.000E+0 
499.75590 0.000E+0 
500.0 0.000E+0 
500.24410 0.000E+0 
500.48830 0.000E+0 
500.73240 0.000E+0 
500.97660 0.000E+0 
501.22070 0.000E+0 
501.46480 0.000E+0 
501.7090 0.000E+0 
501.95310 0.000E+0 
502.19730 0.000E+0 
502.44140 0.000E+0 
502.68550 0.000E+0 
502.92970 0.000E+0 
503.17380 0.000E+0 
503.4180 0.000E+0 
503.66210 0.000E+0 
503.90630 0.000E+0 
504.15040 0.000E+0 
504.39450 0.000E+0 
504.63870 0.000E+0 
504.88280 0.000E+0 
505.1270 0.000E+0 
505.37110 0.000E+0 
505.61520 0.000E+0 
505.85940 0.000E+0 
506.10350 0.000E+0 
506.34770 0.000E+0 
506.59180 0.000E+0 
506.83590 0.000E+0 
507.08010 0.000E+0 
507.32420 0.000E+0 
507.56840 0.000E+0 
507.81250 0.000E+0 
508.05660 0.000E+0 
508.30080 0.000E+0 
508.54490 0.000E+0 
508.78910 0.000E+0 
509.03320 0.000E+0 
509.27730 0.000E+0 
509.52150 0.000E+0 
509.76560 0.000E+0 
510.00980 0.000E+0 
510.25390 0.000E+0 
510.4980 0.000E+0 
510.74220 0.000E+0 
510.98630 0.000E+0 
511.23050 0.000E+0 
511.47460 0.000E+0 
511.71880 0.000E+0 
511.96290 0.000E+0 
512.2070 0.000E+0 
512.45120 0.000E+0 
512.69530 0.000E+0 
512.93950 0.000E+0 
513.18360 0.000E+0 
513.42770 0.000E+0 
513.67190 0.000E+0 
513.9160 0.000E+0 
514.16020 0.000E+0 
514.40430 0.000E+0 
514.64840 0.000E+0 
514.89260 0.000E+0 
515.13670 0.000E+0 
515.38090 0.000E+0 
515.6250 0.000E+0 
515.86910 0.000E+0 
516.11330 0.000E+0 
516.35740 0.000E+0 
516.60160 0.000E+0 
516.84570 0.000E+0 
517.08980 0.000E+0 
517.3340 0.000E+0 
517.57810 0.000E+0 
517.82230 0.000E+0 
518.06640 0.000E+0 
518.31050 0.000E+0 
518.55470 0.000E+0 
518.79880 0.000E+0 
519.0430 0.000E+0 
519.28710 0.000E+0 
519.53130 0.000E+0 
519.77540 0.000E+0 
520.01950 0.000E+0 
520.26370 0.000E+0 
520.50780 0.000E+0 
520.7520 0.000E+0 
520.99610 0.000E+0 
521.24020 0.000E+0 
521.48440 0.000E+0 
521.72850 0.000E+0 
521.97270 0.000E+0 
522.21680 0.000E+0 
522.46090 0.000E+0 
522.70510 0.000E+0 
522.94920 0.000E+0 
523.19340 0.000E+0 
523.43750 0.000E+0 
523.68160 0.000E+0 
523.92580 0.000E+0 
524.16990 0.000E+0 
524.41410 0.000E+0 
524.65820 0.000E+0 
524.90230 0.000E+0 
525.14650 0.000E+0 
525.39060 0.000E+0 
525.63480 0.000E+0 
525.87890 0.000E+0 
526.1230 0.000E+0 
526.36720 0.000E+0 
526.61130 0.000E+0 
526.85550 0.000E+0 
527.09960 0.000E+0 
527.34380 0.000E+0 
527.58790 0.000E+0 
527.8320 0.000E+0 
528.07620 0.000E+0 
528.32030 0.000E+0 
528.56450 0.000E+0 
528.80860 0.000E+0 
529.05270 0.000E+0 
529.29690 0.000E+0 
529.5410 0.000E+0 
529.78520 0.000E+0 
530.02930 0.000E+0 
530.27340 0.000E+0 
530.51760 0.000E+0 
530.76170 0.000E+0 
531.00590 0.000E+0 
531.250 0.000E+0 
531.49410 0.000E+0 
531.73830 1.000E+0 
531.98240 0.000E+0 
532.22660 0.000E+0 
532.47070 0.000E+0 
532.71480 0.000E+0 
532.9590 0.000E+0 
533.20310 0.000E+0 
533.44730 0.000E+0 
533.69140 0.000E+0 
533.93550 0.000E+0 
534.17970 0.000E+0 
534.42380 0.000E+0 
534.6680 0.000E+0 
534.91210 0.000E+0 
535.15630 0.000E+0 
535.40040 0.000E+0 
535.64450 0.000E+0 
535.88870 0.000E+0 
536.13280 0.000E+0 
536.3770 0.000E+0 
536.62110 0.000E+0 
536.86520 0.000E+0 
537.10940 0.000E+0 
537.35350 0.000E+0 
537.59770 0.000E+0 
537.84180 0.000E+0 
538.08590 0.000E+0 
538.33010 0.000E+0 
538.57420 0.000E+0 
538.81840 0.000E+0 
539.06250 0.000E+0 
539.30660 0.000E+0 
539.55080 0.000E+0 
539.79490 0.000E+0 
540.03910 0.000E+0 
540.28320 0.000E+0 
540.52730 0.000E+0 
540.77150 0.000E+0 
541.01560 0.000E+0 
541.25980 0.000E+0 
541.50390 0.000E+0 
541.7480 0.000E+0 
541.99220 0.000E+0 
542.23630 0.000E+0 
542.48050 0.000E+0 
542.72460 0.000E+0 
542.96880 0.000E+0 
543.21290 0.000E+0 
543.4570 0.000E+0 
543.70120 0.000E+0 
543.94530 0.000E+0 
544.18950 0.000E+0 
544.43360 0.000E+0 
544.67770 0.000E+0 
544.92190 0.000E+0 
545.1660 0.000E+0 
545.41020 0.000E+0 
545.65430 0.000E+0 
545.89840 0.000E+0 
546.14260 0.000E+0 
546.38670 0.000E+0 
546.63090 0.000E+0 
546.8750 0.000E+0 
547.11910 0.000E+0 
547.36330 0.000E+0 
547.60740 0.000E+0 
547.85160 0.000E+0 
548.09570 0.000E+0 
548.33980 0.000E+0 
548.5840 0.000E+0 
548.82810 0.000E+0 
549.07230 0.000E+0 
549.31640 0.000E+0 
549.56050 0.000E+0 
549.80470 0.000E+0 
550.04880 0.000E+0 
550.2930 0.000E+0 
550.53710 0.000E+0 
550.78130 0.000E+0 
551.02540 0.000E+0 
551.26950 0.000E+0 
551.51370 0.000E+0 
551.75780 0.000E+0 
552.0020 0.000E+0 
552.24610 0.000E+0 
552.49020 0.000E+0 
552.73440 0.000E+0 
552.97850 0.000E+0 
553.22270 0.000E+0 
553.46680 0.000E+0 
553.71090 0.000E+0 
553.95510 0.000E+0 
554.19920 0.000E+0 
554.44340 0.000E+0 
554.68750 0.000E+0 
554.93160 0.000E+0 
555.17580 0.000E+0 
555.41990 0.000E+0 
555.66410 0.000E+0 
555.90820 0.000E+0 
556.15230 0.000E+0 
556.39650 0.000E+0 
556.64060 0.000E+0 
556.88480 0.000E+0 
557.12890 0.000E+0 
557.3730 0.000E+0 
557.61720 0.000E+0 
557.86130 0.000E+0 
558.10550 0.000E+0 
558.34960 0.000E+0 
558.59380 0.000E+0 
558.83790 0.000E+0 
559.0820 0.000E+0 
559.32620 0.000E+0 
559.57030 0.000E+0 
559.81450 0.000E+0 
560.05860 0.000E+0 
560.30270 0.000E+0 
560.54690 0.000E+0 
560.7910 0.000E+0 
561.03520 0.000E+0 
561.27930 0.000E+0 
561.52340 0.000E+0 
561.76760 0.000E+0 
562.01170 0.000E+0 
562.25590 0.000E+0 
562.50 0.000E+0 
562.74410 0.000E+0 
562.98830 0.000E+0 
563.23240 0.000E+0 
563.47660 0.000E+0 
563.72070 0.000E+0 
563.96480 0.000E+0 
564.2090 0.000E+0 
564.45310 0.000E+0 
564.69730 0.000E+0 
564.94140 0.000E+0 
565.18550 1.000E+0 
565.42970 0.000E+0 
565.67380 0.000E+0 
565.9180 0.000E+0 
566.16210 0.000E+0 
566.40630 0.000E+0 
566.65040 0.000E+0 
566.89450 0.000E+0 
567.13870 0.000E+0 
567.38280 0.000E+0 
567.6270 0.000E+0 
567.87110 0.000E+0 
568.11520 0.000E+0 
568.35940 0.000E+0 
568.60350 0.000E+0 
568.84770 0.000E+0 
569.09180 0.000E+0 
569.33590 0.000E+0 
569.58010 0.000E+0 
569.82420 0.000E+0 
570.06840 0.000E+0 
570.31250 0.000E+0 
570.55660 0.000E+0 
570.80080 0.000E+0 
571.04490 0.000E+0 
571.28910 0.000E+0 
571.53320 0.000E+0 
571.77730 0.000E+0 
572.02150 0.000E+0 
572.26560 0.000E+0 
572.50980 0.000E+0 
572.75390 0.000E+0 
572.9980 0.000E+0 
573.24220 0.000E+0 
573.48630 0.000E+0 
573.73050 0.000E+0 
573.97460 0.000E+0 
574.21880 0.000E+0 
574.46290 0.000E+0 
574.7070 0.000E+0 
574.95120 0.000E+0 
575.19530 0.000E+0 
575.43950 0.000E+0 
575.68360 0.000E+0 
575.92770 0.000E+0 
576.17190 0.000E+0 
576.4160 0.000E+0 
576.66020 0.000E+0 
576.90430 0.000E+0 
577.14840 0.000E+0 
577.39260 0.000E+0 
577.63670 0.000E+0 
577.88090 0.000E+0 
578.1250 0.000E+0 
578.36910 0.000E+0 
578.61330 0.000E+0 
578.85740 0.000E+0 
579.10160 0.000E+0 
579.34570 0.000E+0 
579.58980 0.000E+0 
579.8340 0.000E+0 
580.07810 0.000E+0 
580.32230 0.000E+0 
580.56640 0.000E+0 
580.81050 0.000E+0 
581.05470 0.000E+0 
581.29880 0.000E+0 
581.5430 0.000E+0 
581.78710 0.000E+0 
582.03130 0.000E+0 
582.27540 0.000E+0 
582.51950 0.000E+0 
582.76370 0.000E+0 
583.00780 0.000E+0 
583.2520 0.000E+0 
583.49610 0.000E+0 
583.74020 0.000E+0 
583.98440 0.000E+0 
584.22850 0.000E+0 
584.47270 0.000E+0 
584.71680 0.000E+0 
584.96090 0.000E+0 
585.20510 0.000E+0 
585.44920 0.000E+0 
585.69340 0.000E+0 
585.93750 0.000E+0 
586.18160 0.000E+0 
586.42580 0.000E+0 
586.66990 0.000E+0 
586.91410 0.000E+0 
587.15820 0.000E+0 
587.40230 0.000E+0 
587.64650 0.000E+0 
587.89060 0.000E+0 
588.13480 0.000E+0 
588.37890 0.000E+0 
588.6230 0.000E+0 
588.86720 0.000E+0 
589.11130 0.000E+0 
589.35550 0.000E+0 
589.59960 0.000E+0 
589.84380 0.000E+0 
590.08790 0.000E+0 
590.3320 0.000E+0 
590.57620 0.000E+0 
590.82030 0.000E+0 
591.06450 0.000E+0 
591.30860 0.000E+0 
591.55270 0.000E+0 
591.79690 0.000E+0 
592.0410 0.000E+0 
592.28520 0.000E+0 
592.52930 0.000E+0 
592.77340 0.000E+0 
593.01760 0.000E+0 
593.26170 0.000E+0 
593.50590 0.000E+0 
593.750 0.000E+0 
593.99410 0.000E+0 
594.23830 0.000E+0 
594.48240 0.000E+0 
594.72660 0.000E+0 
594.97070 0.000E+0 
595.21480 0.000E+0 
595.4590 0.000E+0 
595.70310 0.000E+0 
595.94730 0.000E+0 
596.19140 0.000E+0 
596.43550 0.000E+0 
596.67970 0.000E+0 
596.92380 0.000E+0 
597.1680 0.000E+0 
597.41210 0.000E+0 
597.65630 0.000E+0 
597.90040 1.000E+0 
598.14450 0.000E+0 
598.38870 0.000E+0 
598.63280 0.000E+0 
598.8770 0.000E+0 
599.12110 0.000E+0 
599.36520 0.000E+0 
599.60940 0.000E+0 
599.85350 0.000E+0 
600.09770 0.000E+0 
600.34180 0.000E+0 
600.58590 0.000E+0 
600.83010 0.000E+0 
601.07420 0.000E+0 
601.31840 0.000E+0 
601.56250 0.000E+0 
601.80660 0.000E+0 
602.05080 0.000E+0 
602.29490 0.000E+0 
602.53910 0.000E+0 
602.78320 0.000E+0 
603.02730 0.000E+0 
603.27150 0.000E+0 
603.51560 0.000E+0 
603.75980 0.000E+0 
604.00390 0.000E+0 
604.2480 0.000E+0 
604.49220 0.000E+0 
604.73630 0.000E+0 
604.98050 0.000E+0 
605.22460 0.000E+0 
605.46880 0.000E+0 
605.71290 0.000E+0 
605.9570 0.000E+0 
606.20120 0.000E+0 
606.44530 0.000E+0 
606.68950 0.000E+0 
606.93360 0.000E+0 
607.17770 0.000E+0 
607.42190 0.000E+0 
607.6660 0.000E+0 
607.91020 0.000E+0 
608.15430 0.000E+0 
608.39840 0.000E+0 
608.64260 0.000E+0 
608.88670 0.000E+0 
609.13090 0.000E+0 
609.3750 0.000E+0 
609.61910 0.000E+0 
609.86330 0.000E+0 
610.10740 0.000E+0 
610.35160 0.000E+0 
610.59570 0.000E+0 
610.83980 0.000E+0 
611.0840 0.000E+0 
611.32810 0.000E+0 
611.57230 0.000E+0 
611.81640 0.000E+0 
612.06050 0.000E+0 
612.30470 0.000E+0 
612.54880 0.000E+0 
612.7930 0.000E+0 
613.03710 0.000E+0 
613.28130 0.000E+0 
613.52540 0.000E+0 
613.76950 0.000E+0 
614.01370 0.000E+0 
614.25780 0.000E+0 
614.5020 0.000E+0 
614.74610 0.000E+0 
614.99020 0.000E+0 
615.23440 0.000E+0 
615.47850 0.000E+0 
615.72270 0.000E+0 
615.96680 0.000E+0 
616.21090 0.000E+0 
616.45510 0.000E+0 
616.69920 0.000E+0 
616.94340 0.000E+0 
617.18750 0.000E+0 
617.43160 0.000E+0 
617.67580 0.000E+0 
617.91990 0.000E+0 
618.16410 0.000E+0 
618.40820 0.000E+0 
618.65230 0.000E+0 
618.89650 0.000E+0 
619.14060 0.000E+0 
619.38480 0.000E+0 
619.62890 0.000E+0 
619.8730 0.000E+0 
620.11720 0.000E+0 
620.36130 0.000E+0 
620.60550 0.000E+0 
620.84960 0.000E+0 
621.09380 0.000E+0 
621.33790 0.000E+0 
621.5820 1.000E+0 
621.82620 0.000E+0 
622.07030 0.000E+0 
622.31450 0.000E+0 
622.55860 0.000E+0 
622.80270 0.000E+0 
623.04690 0.000E+0 
623.2910 0.000E+0 
623.53520 0.000E+0 
623.77930 0.000E+0 
624.02340 0.000E+0 
624.26760 0.000E+0 
624.51170 0.000E+0 
624.75590 0.000E+0 
625.0 0.000E+0 
625.24410 0.000E+0 
625.48830 0.000E+0 
625.73240 0.000E+0 
625.97660 0.000E+0 
626.22070 0.000E+0 
626.46480 0.000E+0 
626.7090 0.000E+0 
626.95310 0.000E+0 
627.19730 0.000E+0 
627.44140 0.000E+0 
627.68550 0.000E+0 
627.92970 0.000E+0 
628.17380 0.000E+0 
628.4180 0.000E+0 
628.66210 0.000E+0 
628.90630 0.000E+0 
629.15040 0.000E+0 
629.39450 0.000E+0 
629.63870 0.000E+0 
629.88280 0.000E+0 
630.1270 0.000E+0 
630.37110 0.000E+0 
630.61520 0.000E+0 
630.85940 0.000E+0 
631.10350 0.000E+0 
631.34770 0.000E+0 
631.59180 0.000E+0 
631.83590 0.000E+0 
632.08010 0.000E+0 
632.32420 0.000E+0 
632.56840 0.000E+0 
632.81250 0.000E+0 
633.05660 0.000E+0 
633.30080 0.000E+0 
633.54490 0.000E+0 
633.78910 0.000E+0 
634.03320 0.000E+0 
634.27730 0.000E+0 
634.52150 0.000E+0 
634.76560 0.000E+0 
635.00980 0.000E+0 
635.25390 0.000E+0 
635.4980 0.000E+0 
635.74220 0.000E+0 
635.98630 0.000E+0 
636.23050 0.000E+0 
636.47460 0.000E+0 
636.71880 0.000E+0 
636.96290 0.000E+0 
637.2070 0.000E+0 
637.45120 0.000E+0 
637.69530 0.000E+0 
637.93950 0.000E+0 
638.18360 0.000E+0 
638.42770 0.000E+0 
638.67190 0.000E+0 
638.9160 0.000E+0 
639.16020 0.000E+0 
639.40430 0.000E+0 
639.64840 0.000E+0 
639.89260 0.000E+0 
640.13670 0.000E+0 
640.38090 0.000E+0 
640.6250 0.000E+0 
640.86910 0.000E+0 
641.11330 0.000E+0 
641.35740 0.000E+0 
641.60160 0.000E+0 
641.84570 0.000E+0 
642.08980 0.000E+0 
642.3340 0.000E+0 
642.57810 0.000E+0 
642.82230 0.000E+0 
643.06640 0.000E+0 
643.31050 0.000E+0 
643.55470 0.000E+0 
643.79880 0.000E+0 
644.0430 0.000E+0 
644.28710 0.000E+0 
644.53130 0.000E+0 
644.77540 0.000E+0 
645.01950 0.000E+0 
645.26370 0.000E+0 
645.50780 0.000E+0 
645.7520 0.000E+0 
645.99610 0.000E+0 
646.24020 0.000E+0 
646.48440 0.000E+0 
646.72850 0.000E+0 
646.97270 0.000E+0 
647.21680 0.000E+0 
647.46090 0.000E+0 
647.70510 0.000E+0 
647.94920 0.000E+0 
648.19340 0.000E+0 
648.43750 0.000E+0 
648.68160 0.000E+0 
648.92580 0.000E+0 
649.16990 0.000E+0 
649.41410 0.000E+0 
649.65820 0.000E+0 
649.90230 1.000E+0 
650.14650 0.000E+0 
650.39060 0.000E+0 
650.63480 0.000E+0 
650.87890 0.000E+0 
651.1230 0.000E+0 
651.36720 0.000E+0 
651.61130 0.000E+0 
651.85550 0.000E+0 
652.09960 0.000E+0 
652.34380 0.000E+0 
652.58790 0.000E+0 
652.8320 0.000E+0 
653.07620 0.000E+0 
653.32030 0.000E+0 
653.56450 0.000E+0 
653.80860 0.000E+0 
654.05270 0.000E+0 
654.29690 0.000E+0 
654.5410 0.000E+0 
654.78520 0.000E+0 
655.02930 0.000E+0 
655.27340 0.000E+0 
655.51760 0.000E+0 
655.76170 0.000E+0 
656.00590 1.000E+0 
656.250 0.000E+0 
656.49410 0.000E+0 
656.73830 0.000E+0 
656.98240 0.000E+0 
657.22660 0.000E+0 
657.47070 0.000E+0 
657.71480 0.000E+0 
657.9590 0.000E+0 
658.20310 0.000E+0 
658.44730 0.000E+0 
658.69140 0.000E+0 
658.93550 0.000E+0 
659.17970 0.000E+0 
659.42380 0.000E+0 
659.6680 0.000E+0 
659.91210 1.000E+0 
660.15630 0.000E+0 
660.40040 0.000E+0 
660.64450 0.000E+0 
660.88870 0.000E+0 
661.13280 0.000E+0 
661.3770 0.000E+0 
661.62110 0.000E+0 
661.86520 0.000E+0 
662.10940 0.000E+0 
662.35350 0.000E+0 
662.59770 0.000E+0 
662.84180 0.000E+0 
663.08590 0.000E+0 
663.33010 0.000E+0 
663.57420 0.000E+0 
663.81840 0.000E+0 
664.06250 0.000E+0 
664.30660 0.000E+0 
664.55080 0.000E+0 
664.79490 0.000E+0 
665.03910 0.000E+0 
665.28320 0.000E+0 
665.52730 0.000E+0 
665.77150 0.000E+0 
666.01560 0.000E+0 
666.25980 0.000E+0 
666.50390 0.000E+0 
666.7480 0.000E+0 
666.99220 0.000E+0 
667.23630 0.000E+0 
667.48050 0.000E+0 
667.72460 0.000E+0 
667.96880 0.000E+0 
668.21290 0.000E+0 
668.4570 0.000E+0 
668.70120 0.000E+0 
668.94530 0.000E+0 
669.18950 0.000E+0 
669.43360 0.000E+0 
669.67770 0.000E+0 
669.92190 0.000E+0 
670.1660 0.000E+0 
670.41020 0.000E+0 
670.65430 0.000E+0 
670.89840 0.000E+0 
671.14260 0.000E+0 
671.38670 0.000E+0 
671.63090 0.000E+0 
671.8750 0.000E+0 
672.11910 0.000E+0 
672.36330 0.000E+0 
672.60740 0.000E+0 
672.85160 0.000E+0 
673.09570 0.000E+0 
673.33980 0.000E+0 
673.5840 0.000E+0 
673.82810 0.000E+0 
674.07230 0.000E+0 
674.31640 0.000E+0 
674.56050 0.000E+0 
674.80470 0.000E+0 
675.04880 0.000E+0 
675.2930 0.000E+0 
675.53710 0.000E+0 
675.78130 0.000E+0 
676.02540 0.000E+0 
676.26950 0.000E+0 
676.51370 0.000E+0 
676.75780 0.000E+0 
677.0020 0.000E+0 
677.24610 0.000E+0 
677.49020 0.000E+0 
677.73440 0.000E+0 
677.97850 0.000E+0 
678.22270 0.000E+0 
678.46680 0.000E+0 
678.71090 0.000E+0 
678.95510 0.000E+0 
679.19920 0.000E+0 
679.44340 0.000E+0 
679.68750 0.000E+0 
679.93160 0.000E+0 
680.17580 0.000E+0 
680.41990 0.000E+0 
680.66410 0.000E+0 
680.90820 0.000E+0 
681.15230 0.000E+0 
681.39650 0.000E+0 
681.64060 0.000E+0 
681.88480 0.000E+0 
682.12890 0.000E+0 
682.3730 0.000E+0 
682.61720 0.000E+0 
682.86130 0.000E+0 
683.10550 0.000E+0 
683.34960 0.000E+0 
683.59380 0.000E+0 
683.83790 0.000E+0 
684.0820 0.000E+0 
684.32620 0.000E+0 
684.57030 0.000E+0 
684.81450 0.000E+0 
685.05860 0.000E+0 
685.30270 0.000E+0 
685.54690 0.000E+0 
685.7910 0.000E+0 
686.03520 0.000E+0 
686.27930 0.000E+0 
686.52340 0.000E+0 
686.76760 0.000E+0 
687.01170 0.000E+0 
687.25590 0.000E+0 
687.50 0.000E+0 
687.74410 0.000E+0 
687.98830 0.000E+0 
688.23240 0.000E+0 
688.47660 0.000E+0 
688.72070 0.000E+0 
688.96480 0.000E+0 
689.2090 0.000E+0 
689.45310 0.000E+0 
689.69730 0.000E+0 
689.94140 0.000E+0 
690.18550 0.000E+0 
690.42970 0.000E+0 
690.67380 0.000E+0 
690.9180 0.000E+0 
691.16210 0.000E+0 
691.40630 0.000E+0 
691.65040 0.000E+0 
691.89450 0.000E+0 
692.13870 0.000E+0 
692.38280 0.000E+0 
692.6270 0.000E+0 
692.87110 0.000E+0 
693.11520 0.000E+0 
693.35940 0.000E+0 
693.60350 0.000E+0 
693.84770 0.000E+0 
694.09180 0.000E+0 
694.33590 0.000E+0 
694.58010 0.000E+0 
694.82420 0.000E+0 
695.06840 0.000E+0 
695.31250 0.000E+0 
695.55660 0.000E+0 
695.80080 0.000E+0 
696.04490 0.000E+0 
696.28910 0.000E+0 
696.53320 0.000E+0 
696.77730 0.000E+0 
697.02150 0.000E+0 
697.26560 0.000E+0 
697.50980 0.000E+0 
697.75390 0.000E+0 
697.9980 0.000E+0 
698.24220 0.000E+0 
698.48630 0.000E+0 
698.73050 0.000E+0 
698.97460 0.000E+0 
699.21880 0.000E+0 
699.46290 0.000E+0 
699.7070 0.000E+0 
699.95120 0.000E+0 
700.19530 0.000E+0 
700.43950 0.000E+0 
700.68360 0.000E+0 
700.92770 0.000E+0 
701.17190 0.000E+0 
701.4160 0.000E+0 
701.66020 0.000E+0 
701.90430 0.000E+0 
702.14840 0.000E+0 
702.39260 0.000E+0 
702.63670 0.000E+0 
702.88090 0.000E+0 
703.1250 0.000E+0 
703.36910 0.000E+0 
703.61330 0.000E+0 
703.85740 0.000E+0 
704.10160 0.000E+0 
704.34570 0.000E+0 
704.58980 0.000E+0 
704.8340 0.000E+0 
705.07810 0.000E+0 
705.32230 0.000E+0 
705.56640 0.000E+0 
705.81050 0.000E+0 
706.05470 0.000E+0 
706.29880 0.000E+0 
706.5430 0.000E+0 
706.78710 0.000E+0 
707.03130 0.000E+0 
707.27540 0.000E+0 
707.51950 0.000E+0 
707.76370 0.000E+0 
708.00780 0.000E+0 
708.2520 0.000E+0 
708.49610 0.000E+0 
708.74020 0.000E+0 
708.98440 0.000E+0 
709.22850 0.000E+0 
709.47270 0.000E+0 
709.71680 0.000E+0 
709.96090 0.000E+0 
710.20510 0.000E+0 
710.44920 0.000E+0 
710.69340 0.000E+0 
710.93750 0.000E+0 
711.18160 0.000E+0 
711.42580 0.000E+0 
711.66990 0.000E+0 
711.91410 0.000E+0 
712.15820 0.000E+0 
712.40230 0.000E+0 
712.64650 0.000E+0 
712.89060 0.000E+0 
713.13480 0.000E+0 
713.37890 0.000E+0 
713.6230 0.000E+0 
713.86720 0.000E+0 
714.11130 0.000E+0 
714.35550 0.000E+0 
714.59960 1.000E+0 
714.84380 0.000E+0 
715.08790 0.000E+0 
715.3320 0.000E+0 
715.57620 0.000E+0 
715.82030 0.000E+0 
716.06450 0.000E+0 
716.30860 0.000E+0 
716.55270 0.000E+0 
716.79690 0.000E+0 
717.0410 0.000E+0 
717.28520 0.000E+0 
717.52930 0.000E+0 
717.77340 0.000E+0 
718.01760 0.000E+0 
718.26170 0.000E+0 
718.50590 0.000E+0 
718.750 0.000E+0 
718.99410 0.000E+0 
719.23830 0.000E+0 
719.48240 0.000E+0 
719.72660 0.000E+0 
719.97070 0.000E+0 
720.21480 0.000E+0 
720.4590 0.000E+0 
720.70310 0.000E+0 
720.94730 0.000E+0 
721.19140 0.000E+0 
721.43550 0.000E+0 
721.67970 0.000E+0 
721.92380 0.000E+0 
722.1680 0.000E+0 
722.41210 0.000E+0 
722.65630 0.000E+0 
722.90040 0.000E+0 
723.14450 0.000E+0 
723.38870 1.000E+0 
723.63280 0.000E+0 
723.8770 0.000E+0 
724.12110 0.000E+0 
724.36520 0.000E+0 
724.60940 0.000E+0 
724.85350 0.000E+0 
725.09770 0.000E+0 
725.34180 0.000E+0 
725.58590 0.000E+0 
725.83010 0.000E+0 
726.07420 0.000E+0 
726.31840 0.000E+0 
726.56250 0.000E+0 
726.80660 0.000E+0 
727.05080 0.000E+0 
727.29490 0.000E+0 
727.53910 0.000E+0 
727.78320 0.000E+0 
728.02730 0.000E+0 
728.27150 0.000E+0 
728.51560 0.000E+0 
728.75980 0.000E+0 
729.00390 0.000E+0 
729.2480 0.000E+0 
729.49220 0.000E+0 
729.73630 0.000E+0 
729.98050 0.000E+0 
730.22460 0.000E+0 
730.46880 0.000E+0 
730.71290 0.000E+0 
730.9570 0.000E+0 
731.20120 0.000E+0 
731.44530 0.000E+0 
731.68950 0.000E+0 
731.93360 0.000E+0 
732.17770 0.000E+0 
732.42190 0.000E+0 
732.6660 0.000E+0 
732.91020 0.000E+0 
733.15430 0.000E+0 
733.39840 0.000E+0 
733.64260 0.000E+0 
733.88670 0.000E+0 
734.13090 0.000E+0 
734.3750 0.000E+0 
734.61910 0.000E+0 
734.86330 0.000E+0 
735.10740 0.000E+0 
735.35160 0.000E+0 
735.59570 0.000E+0 
735.83980 0.000E+0 
736.0840 0.000E+0 
736.32810 0.000E+0 
736.57230 0.000E+0 
736.81640 0.000E+0 
737.06050 0.000E+0 
737.30470 0.000E+0 
737.54880 0.000E+0 
737.7930 0.000E+0 
738.03710 0.000E+0 
738.28130 0.000E+0 
738.52540 0.000E+0 
738.76950 0.000E+0 
739.01370 0.000E+0 
739.25780 0.000E+0 
739.5020 0.000E+0 
739.74610 0.000E+0 
739.99020 0.000E+0 
740.23440 0.000E+0 
740.47850 0.000E+0 
740.72270 0.000E+0 
740.96680 0.000E+0 
741.21090 0.000E+0 
741.45510 0.000E+0 
741.69920 0.000E+0 
741.94340 0.000E+0 
742.18750 0.000E+0 
742.43160 0.000E+0 
742.67580 0.000E+0 
742.91990 0.000E+0 
743.16410 0.000E+0 
743.40820 0.000E+0 
743.65230 0.000E+0 
743.89650 0.000E+0 
744.14060 0.000E+0 
744.38480 0.000E+0 
744.62890 0.000E+0 
744.8730 0.000E+0 
745.11720 0.000E+0 
745.36130 0.000E+0 
745.60550 0.000E+0 
745.84960 0.000E+0 
746.09380 0.000E+0 
746.33790 0.000E+0 
746.5820 0.000E+0 
746.82620 0.000E+0 
747.07030 0.000E+0 
747.31450 0.000E+0 
747.55860 0.000E+0 
747.80270 0.000E+0 
748.04690 0.000E+0 
748.2910 0.000E+0 
748.53520 0.000E+0 
748.77930 0.000E+0 
749.02340 0.000E+0 
749.26760 0.000E+0 
749.51170 0.000E+0 
749.75590 0.000E+0 
750.0 0.000E+0 
750.24410 0.000E+0 
750.48830 0.000E+0 
750.73240 0.000E+0 
750.97660 0.000E+0 
751.22070 0.000E+0 
751.46480 0.000E+0 
751.7090 0.000E+0 
751.95310 0.000E+0 
752.19730 0.000E+0 
752.44140 0.000E+0 
752.68550 0.000E+0 
752.92970 0.000E+0 
753.17380 0.000E+0 
753.4180 0.000E+0 
753.66210 0.000E+0 
753.90630 0.000E+0 
754.15040 0.000E+0 
754.39450 0.000E+0 
754.63870 0.000E+0 
754.88280 0.000E+0 
755.1270 0.000E+0 
755.37110 0.000E+0 
755.61520 0.000E+0 
755.85940 0.000E+0 
756.10350 0.000E+0 
756.34770 0.000E+0 
756.59180 0.000E+0 
756.83590 0.000E+0 
757.08010 0.000E+0 
757.32420 0.000E+0 
757.56840 0.000E+0 
757.81250 0.000E+0 
758.05660 0.000E+0 
758.30080 0.000E+0 
758.54490 0.000E+0 
758.78910 0.000E+0 
759.03320 0.000E+0 
759.27730 0.000E+0 
759.52150 0.000E+0 
759.76560 0.000E+0 
760.00980 0.000E+0 
760.25390 0.000E+0 
760.4980 0.000E+0 
760.74220 0.000E+0 
760.98630 0.000E+0 
761.23050 0.000E+0 
761.47460 0.000E+0 
761.71880 0.000E+0 
761.96290 0.000E+0 
762.2070 0.000E+0 
762.45120 0.000E+0 
762.69530 0.000E+0 
762.93950 0.000E+0 
763.18360 0.000E+0 
763.42770 0.000E+0 
763.67190 0.000E+0 
763.9160 0.000E+0 
764.16020 0.000E+0 
764.40430 0.000E+0 
764.64840 0.000E+0 
764.89260 0.000E+0 
765.13670 0.000E+0 
765.38090 0.000E+0 
765.6250 0.000E+0 
765.86910 0.000E+0 
766.11330 0.000E+0 
766.35740 0.000E+0 
766.60160 0.000E+0 
766.84570 0.000E+0 
767.08980 0.000E+0 
767.3340 0.000E+0 
767.57810 0.000E+0 
767.82230 0.000E+0 
768.06640 0.000E+0 
768.31050 0.000E+0 
768.55470 0.000E+0 
768.79880 0.000E+0 
769.0430 0.000E+0 
769.28710 0.000E+0 
769.53130 0.000E+0 
769.77540 0.000E+0 
770.01950 0.000E+0 
770.26370 0.000E+0 
770.50780 0.000E+0 
770.7520 0.000E+0 
770.99610 0.000E+0 
771.24020 0.000E+0 
771.48440 0.000E+0 
771.72850 0.000E+0 
771.97270 0.000E+0 
772.21680 0.000E+0 
772.46090 0.000E+0 
772.70510 0.000E+0 
772.94920 0.000E+0 
773.19340 0.000E+0 
773.43750 0.000E+0 
773.68160 0.000E+0 
773.92580 0.000E+0 
774.16990 0.000E+0 
774.41410 0.000E+0 
774.65820 0.000E+0 
774.90230 0.000E+0 
775.14650 0.000E+0 
775.39060 0.000E+0 
775.63480 0.000E+0 
775.87890 0.000E+0 
776.1230 0.000E+0 
776.36720 0.000E+0 
776.61130 0.000E+0 
776.85550 0.000E+0 
777.09960 0.000E+0 
777.34380 0.000E+0 
777.58790 0.000E+0 
777.8320 0.000E+0 
778.07620 0.000E+0 
778.32030 0.000E+0 
778.56450 0.000E+0 
778.80860 0.000E+0 
779.05270 0.000E+0 
779.29690 0.000E+0 
779.5410 0.000E+0 
779.78520 0.000E+0 
780.02930 0.000E+0 
780.27340 0.000E+0 
780.51760 0.000E+0 
780.76170 0.000E+0 
781.00590 0.000E+0 
781.250 0.000E+0 
781.49410 0.000E+0 
781.73830 0.000E+0 
781.98240 0.000E+0 
782.22660 0.000E+0 
782.47070 0.000E+0 
782.71480 0.000E+0 
782.9590 0.000E+0 
783.20310 0.000E+0 
783.44730 0.000E+0 
783.69140 0.000E+0 
783.93550 0.000E+0 
784.17970 0.000E+0 
784.42380 0.000E+0 
784.6680 0.000E+0 
784.91210 0.000E+0 
785.15630 0.000E+0 
785.40040 0.000E+0 
785.64450 0.000E+0 
785.88870 0.000E+0 
786.13280 0.000E+0 
786.3770 0.000E+0 
786.62110 0.000E+0 
786.86520 0.000E+0 
787.10940 0.000E+0 
787.35350 0.000E+0 
787.59770 0.000E+0 
787.84180 0.000E+0 
788.08590 0.000E+0 
788.33010 0.000E+0 
788.57420 0.000E+0 
788.81840 0.000E+0 
789.06250 0.000E+0 
789.30660 0.000E+0 
789.55080 0.000E+0 
789.79490 0.000E+0 
790.03910 0.000E+0 
790.28320 0.000E+0 
790.52730 0.000E+0 
790.77150 0.000E+0 
791.01560 0.000E+0 
791.25980 0.000E+0 
791.50390 0.000E+0 
791.7480 0.000E+0 
791.99220 0.000E+0 
792.23630 0.000E+0 
792.48050 0.000E+0 
792.72460 0.000E+0 
792.96880 0.000E+0 
793.21290 0.000E+0 
793.4570 0.000E+0 
793.70120 0.000E+0 
793.94530 0.000E+0 
794.18950 0.000E+0 
794.43360 0.000E+0 
794.67770 0.000E+0 
794.92190 0.000E+0 
795.1660 0.000E+0 
795.41020 0.000E+0 
795.65430 0.000E+0 
795.89840 0.000E+0 
796.14260 0.000E+0 
796.38670 0.000E+0 
796.63090 0.000E+0 
796.8750 0.000E+0 
797.11910 0.000E+0 
797.36330 0.000E+0 
797.60740 0.000E+0 
797.85160 0.000E+0 
798.09570 0.000E+0 
798.33980 0.000E+0 
798.5840 0.000E+0 
798.82810 0.000E+0 
799.07230 0.000E+0 
799.31640 0.000E+0 
799.56050 0.000E+0 
799.80470 0.000E+0 
800.04880 0.000E+0 
800.2930 0.000E+0 
800.53710 0.000E+0 
800.78130 0.000E+0 
801.02540 0.000E+0 
801.26950 0.000E+0 
801.51370 0.000E+0 
801.75780 0.000E+0 
802.0020 0.000E+0 
802.24610 0.000E+0 
802.49020 0.000E+0 
802.73440 0.000E+0 
802.97850 0.000E+0 
803.22270 0.000E+0 
803.46680 0.000E+0 
803.71090 0.000E+0 
803.95510 0.000E+0 
804.19920 0.000E+0 
804.44340 0.000E+0 
804.68750 0.000E+0 
804.93160 0.000E+0 
805.17580 0.000E+0 
805.41990 0.000E+0 
805.66410 0.000E+0 
805.90820 0.000E+0 
806.15230 0.000E+0 
806.39650 0.000E+0 
806.64060 0.000E+0 
806.88480 0.000E+0 
807.12890 0.000E+0 
807.3730 0.000E+0 
807.61720 0.000E+0 
807.86130 0.000E+0 
808.10550 0.000E+0 
808.34960 0.000E+0 
808.59380 0.000E+0 
808.83790 0.000E+0 
809.0820 0.000E+0 
809.32620 0.000E+0 
809.57030 0.000E+0 
809.81450 0.000E+0 
810.05860 0.000E+0 
810.30270 0.000E+0 
810.54690 0.000E+0 
810.7910 0.000E+0 
811.03520 0.000E+0 
811.27930 0.000E+0 
811.52340 0.000E+0 
811.76760 0.000E+0 
812.01170 0.000E+0 
812.25590 0.000E+0 
812.50 0.000E+0 
812.74410 0.000E+0 
812.98830 0.000E+0 
813.23240 0.000E+0 
813.47660 0.000E+0 
813.72070 0.000E+0 
813.96480 0.000E+0 
814.2090 0.000E+0 
814.45310 0.000E+0 
814.69730 0.000E+0 
814.94140 0.000E+0 
815.18550 0.000E+0 
815.42970 0.000E+0 
815.67380 0.000E+0 
815.9180 0.000E+0 
816.16210 0.000E+0 
816.40630 0.000E+0 
816.65040 0.000E+0 
816.89450 0.000E+0 
817.13870 0.000E+0 
817.38280 0.000E+0 
817.6270 0.000E+0 
817.87110 0.000E+0 
818.11520 0.000E+0 
818.35940 0.000E+0 
818.60350 0.000E+0 
818.84770 0.000E+0 
819.09180 0.000E+0 
819.33590 0.000E+0 
819.58010 0.000E+0 
819.82420 0.000E+0 
820.06840 0.000E+0 
820.31250 0.000E+0 
820.55660 0.000E+0 
820.80080 0.000E+0 
821.04490 0.000E+0 
821.28910 0.000E+0 
821.53320 0.000E+0 
821.77730 0.000E+0 
822.02150 0.000E+0 
822.26560 0.000E+0 
822.50980 0.000E+0 
822.75390 0.000E+0 
822.9980 0.000E+0 
823.24220 0.000E+0 
823.48630 0.000E+0 
823.73050 0.000E+0 
823.97460 0.000E+0 
824.21880 0.000E+0 
824.46290 0.000E+0 
824.7070 0.000E+0 
824.95120 0.000E+0 
825.19530 0.000E+0 
825.43950 0.000E+0 
825.68360 1.000E+0 
825.92770 0.000E+0 
826.17190 0.000E+0 
826.4160 0.000E+0 
826.66020 0.000E+0 
826.90430 0.000E+0 
827.14840 0.000E+0 
827.39260 0.000E+0 
827.63670 0.000E+0 
827.88090 0.000E+0 
828.1250 0.000E+0 
828.36910 0.000E+0 
828.61330 0.000E+0 
828.85740 0.000E+0 
829.10160 0.000E+0 
829.34570 0.000E+0 
829.58980 0.000E+0 
829.8340 0.000E+0 
830.07810 0.000E+0 
830.32230 0.000E+0 
830.56640 0.000E+0 
830.81050 0.000E+0 
831.05470 0.000E+0 
831.29880 0.000E+0 
831.5430 0.000E+0 
831.78710 0.000E+0 
832.03130 0.000E+0 
832.27540 0.000E+0 
832.51950 0.000E+0 
832.76370 0.000E+0 
833.00780 0.000E+0 
833.2520 0.000E+0 
833.49610 0.000E+0 
833.74020 0.000E+0 
833.98440 0.000E+0 
834.22850 0.000E+0 
834.47270 0.000E+0 
834.71680 0.000E+0 
834.96090 0.000E+0 
835.20510 0.000E+0 
835.44920 0.000E+0 
835.69340 0.000E+0 
835.93750 0.000E+0 
836.18160 0.000E+0 
836.42580 0.000E+0 
836.66990 0.000E+0 
836.91410 0.000E+0 
837.15820 0.000E+0 
837.40230 0.000E+0 
837.64650 0.000E+0 
837.89060 0.000E+0 
838.13480 0.000E+0 
838.37890 0.000E+0 
838.6230 0.000E+0 
838.86720 0.000E+0 
839.11130 0.000E+0 
839.35550 0.000E+0 
839.59960 0.000E+0 
839.84380 0.000E+0 
840.08790 0.000E+0 
840.3320 0.000E+0 
840.57620 0.000E+0 
840.82030 0.000E+0 
841.06450 0.000E+0 
841.30860 0.000E+0 
841.55270 0.000E+0 
841.79690 0.000E+0 
842.0410 0.000E+0 
842.28520 0.000E+0 
842.52930 0.000E+0 
842.77340 0.000E+0 
843.01760 0.000E+0 
843.26170 0.000E+0 
843.50590 0.000E+0 
843.750 0.000E+0 
843.99410 0.000E+0 
844.23830 0.000E+0 
844.48240 0.000E+0 
844.72660 0.000E+0 
844.97070 0.000E+0 
845.21480 0.000E+0 
845.4590 0.000E+0 
845.70310 0.000E+0 
845.94730 0.000E+0 
846.19140 0.000E+0 
846.43550 0.000E+0 
846.67970 0.000E+0 
846.92380 0.000E+0 
847.1680 0.000E+0 
847.41210 0.000E+0 
847.65630 0.000E+0 
847.90040 0.000E+0 
848.14450 0.000E+0 
848.38870 0.000E+0 
848.63280 0.000E+0 
848.8770 0.000E+0 
849.12110 0.000E+0 
849.36520 0.000E+0 
849.60940 0.000E+0 
849.85350 0.000E+0 
850.09770 0.000E+0 
850.34180 0.000E+0 
850.58590 0.000E+0 
850.83010 0.000E+0 
851.07420 0.000E+0 
851.31840 0.000E+0 
851.56250 0.000E+0 
851.80660 0.000E+0 
852.05080 0.000E+0 
852.29490 0.000E+0 
852.53910 0.000E+0 
852.78320 0.000E+0 
853.02730 0.000E+0 
853.27150 0.000E+0 
853.51560 0.000E+0 
853.75980 0.000E+0 
854.00390 0.000E+0 
854.2480 0.000E+0 
854.49220 0.000E+0 
854.73630 0.000E+0 
854.98050 0.000E+0 
855.22460 0.000E+0 
855.46880 0.000E+0 
855.71290 0.000E+0 
855.9570 0.000E+0 
856.20120 0.000E+0 
856.44530 0.000E+0 
856.68950 0.000E+0 
856.93360 0.000E+0 
857.17770 0.000E+0 
857.42190 0.000E+0 
857.6660 0.000E+0 
857.91020 0.000E+0 
858.15430 0.000E+0 
858.39840 0.000E+0 
858.64260 0.000E+0 
858.88670 0.000E+0 
859.13090 0.000E+0 
859.3750 0.000E+0 
859.61910 0.000E+0 
859.86330 0.000E+0 
860.10740 0.000E+0 
860.35160 0.000E+0 
860.59570 0.000E+0 
860.83980 0.000E+0 
861.0840 0.000E+0 
861.32810 0.000E+0 
861.57230 0.000E+0 
861.81640 0.000E+0 
862.06050 0.000E+0 
862.30470 0.000E+0 
862.54880 0.000E+0 
862.7930 0.000E+0 
863.03710 0.000E+0 
863.28130 0.000E+0 
863.52540 0.000E+0 
863.76950 0.000E+0 
864.01370 0.000E+0 
864.25780 0.000E+0 
864.5020 0.000E+0 
864.74610 0.000E+0 
864.99020 0.000E+0 
865.23440 0.000E+0 
865.47850 0.000E+0 
865.72270 0.000E+0 
865.96680 0.000E+0 
866.21090 0.000E+0 
866.45510 0.000E+0 
866.69920 0.000E+0 
866.94340 0.000E+0 
867.18750 0.000E+0 
867.43160 0.000E+0 
867.67580 0.000E+0 
867.91990 0.000E+0 
868.16410 0.000E+0 
868.40820 0.000E+0 
868.65230 0.000E+0 
868.89650 0.000E+0 
869.14060 0.000E+0 
869.38480 0.000E+0 
869.62890 0.000E+0 
869.8730 0.000E+0 
870.11720 0.000E+0 
870.36130 0.000E+0 
870.60550 0.000E+0 
870.84960 0.000E+0 
871.09380 0.000E+0 
871.33790 0.000E+0 
871.5820 0.000E+0 
871.82620 0.000E+0 
872.07030 0.000E+0 
872.31450 0.000E+0 
872.55860 0.000E+0 
872.80270 0.000E+0 
873.04690 0.000E+0 
873.2910 0.000E+0 
873.53520 0.000E+0 
873.77930 0.000E+0 
874.02340 0.000E+0 
874.26760 0.000E+0 
874.51170 0.000E+0 
874.75590 0.000E+0 
875.0 0.000E+0 
875.24410 0.000E+0 
875.48830 0.000E+0 
875.73240 0.000E+0 
875.97660 0.000E+0 
876.22070 0.000E+0 
876.46480 0.000E+0 
876.7090 0.000E+0 
876.95310 0.000E+0 
877.19730 0.000E+0 
877.44140 0.000E+0 
877.68550 0.000E+0 
877.92970 0.000E+0 
878.17380 0.000E+0 
878.4180 0.000E+0 
878.66210 0.000E+0 
878.90630 0.000E+0 
879.15040 0.000E+0 
879.39450 0.000E+0 
879.63870 0.000E+0 
879.88280 0.000E+0 
880.1270 0.000E+0 
880.37110 0.000E+0 
880.61520 0.000E+0 
880.85940 0.000E+0 
881.10350 0.000E+0 
881.34770 0.000E+0 
881.59180 0.000E+0 
881.83590 0.000E+0 
882.08010 0.000E+0 
882.32420 0.000E+0 
882.56840 0.000E+0 
882.81250 0.000E+0 
883.05660 0.000E+0 
883.30080 0.000E+0 
883.54490 0.000E+0 
883.78910 0.000E+0 
884.03320 0.000E+0 
884.27730 0.000E+0 
884.52150 0.000E+0 
884.76560 0.000E+0 
885.00980 0.000E+0 
885.25390 0.000E+0 
885.4980 0.000E+0 
885.74220 0.000E+0 
885.98630 0.000E+0 
886.23050 0.000E+0 
886.47460 0.000E+0 
886.71880 0.000E+0 
886.96290 0.000E+0 
887.2070 0.000E+0 
887.45120 0.000E+0 
887.69530 0.000E+0 
887.93950 0.000E+0 
888.18360 0.000E+0 
888.42770 0.000E+0 
888.67190 0.000E+0 
888.9160 0.000E+0 
889.16020 0.000E+0 
889.40430 0.000E+0 
889.64840 0.000E+0 
889.89260 0.000E+0 
890.13670 0.000E+0 
890.38090 0.000E+0 
890.6250 0.000E+0 
890.86910 0.000E+0 
891.11330 0.000E+0 
891.35740 0.000E+0 
891.60160 0.000E+0 
891.84570 0.000E+0 
892.08980 0.000E+0 
892.3340 0.000E+0 
892.57810 0.000E+0 
892.82230 0.000E+0 
893.06640 0.000E+0 
893.31050 0.000E+0 
893.55470 0.000E+0 
893.79880 0.000E+0 
894.0430 0.000E+0 
894.28710 0.000E+0 
894.53130 0.000E+0 
894.77540 0.000E+0 
895.01950 0.000E+0 
895.26370 0.000E+0 
895.50780 0.000E+0 
895.7520 0.000E+0 
895.99610 0.000E+0 
896.24020 0.000E+0 
896.48440 0.000E+0 
896.72850 0.000E+0 
896.97270 0.000E+0 
897.21680 0.000E+0 
897.46090 0.000E+0 
897.70510 0.000E+0 
897.94920 0.000E+0 
898.19340 0.000E+0 
898.43750 0.000E+0 
898.68160 0.000E+0 
898.92580 0.000E+0 
899.16990 0.000E+0 
899.41410 0.000E+0 
899.65820 0.000E+0 
899.90230 0.000E+0 
900.14650 0.000E+0 
900.39060 0.000E+0 
900.63480 0.000E+0 
900.87890 0.000E+0 
901.1230 0.000E+0 
901.36720 0.000E+0 
901.61130 0.000E+0 
901.85550 0.000E+0 
902.09960 0.000E+0 
902.34380 0.000E+0 
902.58790 0.000E+0 
902.8320 0.000E+0 
903.07620 0.000E+0 
903.32030 0.000E+0 
903.56450 0.000E+0 
903.80860 0.000E+0 
904.05270 0.000E+0 
904.29690 0.000E+0 
904.5410 0.000E+0 
904.78520 0.000E+0 
905.02930 0.000E+0 
905.27340 0.000E+0 
905.51760 0.000E+0 
905.76170 0.000E+0 
906.00590 0.000E+0 
906.250 0.000E+0 
906.49410 0.000E+0 
906.73830 0.000E+0 
906.98240 0.000E+0 
907.22660 0.000E+0 
907.47070 0.000E+0 
907.71480 0.000E+0 
907.9590 0.000E+0 
908.20310 0.000E+0 
908.44730 0.000E+0 
908.69140 0.000E+0 
908.93550 0.000E+0 
909.17970 0.000E+0 
909.42380 0.000E+0 
909.6680 0.000E+0 
909.91210 0.000E+0 
910.15630 0.000E+0 
910.40040 0.000E+0 
910.64450 0.000E+0 
910.88870 0.000E+0 
911.13280 0.000E+0 
911.3770 0.000E+0 
911.62110 0.000E+0 
911.86520 0.000E+0 
912.10940 0.000E+0 
912.35350 0.000E+0 
912.59770 0.000E+0 
912.84180 0.000E+0 
913.08590 0.000E+0 
913.33010 0.000E+0 
913.57420 0.000E+0 
913.81840 0.000E+0 
914.06250 0.000E+0 
914.30660 0.000E+0 
914.55080 0.000E+0 
914.79490 0.000E+0 
915.03910 0.000E+0 
915.28320 0.000E+0 
915.52730 0.000E+0 
915.77150 0.000E+0 
916.01560 0.000E+0 
916.25980 0.000E+0 
916.50390 0.000E+0 
916.7480 0.000E+0 
916.99220 0.000E+0 
917.23630 0.000E+0 
917.48050 0.000E+0 
917.72460 0.000E+0 
917.96880 0.000E+0 
918.21290 0.000E+0 
918.4570 0.000E+0 
918.70120 0.000E+0 
918.94530 1.000E+0 
919.18950 0.000E+0 
919.43360 0.000E+0 
919.67770 0.000E+0 
919.92190 0.000E+0 
920.1660 0.000E+0 
920.41020 0.000E+0 
920.65430 0.000E+0 
920.89840 0.000E+0 
921.14260 0.000E+0 
921.38670 0.000E+0 
921.63090 0.000E+0 
921.8750 0.000E+0 
922.11910 0.000E+0 
922.36330 0.000E+0 
922.60740 0.000E+0 
922.85160 0.000E+0 
923.09570 0.000E+0 
923.33980 0.000E+0 
923.5840 0.000E+0 
923.82810 0.000E+0 
924.07230 0.000E+0 
924.31640 0.000E+0 
924.56050 0.000E+0 
924.80470 0.000E+0 
925.04880 0.000E+0 
925.2930 0.000E+0 
925.53710 0.000E+0 
925.78130 0.000E+0 
926.02540 0.000E+0 
926.26950 0.000E+0 
926.51370 0.000E+0 
926.75780 0.000E+0 
927.0020 0.000E+0 
927.24610 0.000E+0 
927.49020 0.000E+0 
927.73440 0.000E+0 
927.97850 0.000E+0 
928.22270 0.000E+0 
928.46680 0.000E+0 
928.71090 0.000E+0 
928.95510 0.000E+0 
929.19920 0.000E+0 
929.44340 0.000E+0 
929.68750 0.000E+0 
929.93160 0.000E+0 
930.17580 0.000E+0 
930.41990 0.000E+0 
930.66410 0.000E+0 
930.90820 0.000E+0 
931.15230 0.000E+0 
931.39650 0.000E+0 
931.64060 0.000E+0 
931.88480 0.000E+0 
932.12890 0.000E+0 
932.3730 0.000E+0 
932.61720 0.000E+0 
932.86130 0.000E+0 
933.10550 0.000E+0 
933.34960 0.000E+0 
933.59380 0.000E+0 
933.83790 0.000E+0 
934.0820 0.000E+0 
934.32620 0.000E+0 
934.57030 0.000E+0 
934.81450 0.000E+0 
935.05860 0.000E+0 
935.30270 0.000E+0 
935.54690 0.000E+0 
935.7910 0.000E+0 
936.03520 0.000E+0 
936.27930 0.000E+0 
936.52340 0.000E+0 
936.76760 0.000E+0 
937.01170 0.000E+0 
937.25590 0.000E+0 
937.50 0.000E+0 
937.74410 0.000E+0 
937.98830 0.000E+0 
938.23240 0.000E+0 
938.47660 0.000E+0 
938.72070 0.000E+0 
938.96480 0.000E+0 
939.2090 0.000E+0 
939.45310 0.000E+0 
939.69730 0.000E+0 
939.94140 0.000E+0 
940.18550 0.000E+0 
940.42970 0.000E+0 
940.67380 0.000E+0 
940.9180 0.000E+0 
941.16210 0.000E+0 
941.40630 0.000E+0 
941.65040 0.000E+0 
941.89450 1.000E+0 
942.13870 0.000E+0 
942.38280 0.000E+0 
942.6270 0.000E+0 
942.87110 0.000E+0 
943.11520 0.000E+0 
943.35940 0.000E+0 
943.60350 0.000E+0 
943.84770 0.000E+0 
944.09180 0.000E+0 
944.33590 0.000E+0 
944.58010 0.000E+0 
944.82420 0.000E+0 
945.06840 0.000E+0 
945.31250 0.000E+0 
945.55660 0.000E+0 
945.80080 0.000E+0 
946.04490 0.000E+0 
946.28910 0.000E+0 
946.53320 0.000E+0 
946.77730 0.000E+0 
947.02150 0.000E+0 
947.26560 0.000E+0 
947.50980 0.000E+0 
947.75390 0.000E+0 
947.9980 0.000E+0 
948.24220 0.000E+0 
948.48630 0.000E+0 
948.73050 0.000E+0 
948.97460 0.000E+0 
949.21880 0.000E+0 
949.46290 0.000E+0 
949.7070 0.000E+0 
949.95120 0.000E+0 
950.19530 0.000E+0 
950.43950 0.000E+0 
950.68360 0.000E+0 
950.92770 0.000E+0 
951.17190 0.000E+0 
951.4160 0.000E+0 
951.66020 0.000E+0 
951.90430 0.000E+0 
952.14840 0.000E+0 
952.39260 0.000E+0 
952.63670 0.000E+0 
952.88090 0.000E+0 
953.1250 0.000E+0 
953.36910 0.000E+0 
953.61330 0.000E+0 
953.85740 0.000E+0 
954.10160 0.000E+0 
954.34570 0.000E+0 
954.58980 0.000E+0 
954.8340 0.000E+0 
955.07810 0.000E+0 
955.32230 0.000E+0 
955.56640 0.000E+0 
955.81050 0.000E+0 
956.05470 0.000E+0 
956.29880 0.000E+0 
956.5430 0.000E+0 
956.78710 0.000E+0 
957.03130 0.000E+0 
957.27540 0.000E+0 
957.51950 0.000E+0 
957.76370 0.000E+0 
958.00780 0.000E+0 
958.2520 0.000E+0 
958.49610 0.000E+0 
958.74020 0.000E+0 
958.98440 0.000E+0 
959.22850 0.000E+0 
959.47270 0.000E+0 
959.71680 0.000E+0 
959.96090 0.000E+0 
960.20510 0.000E+0 
960.44920 0.000E+0 
960.69340 0.000E+0 
960.93750 0.000E+0 
961.18160 0.000E+0 
961.42580 0.000E+0 
961.66990 0.000E+0 
961.91410 0.000E+0 
962.15820 0.000E+0 
962.40230 0.000E+0 
962.64650 0.000E+0 
962.89060 0.000E+0 
963.13480 0.000E+0 
963.37890 0.000E+0 
963.6230 0.000E+0 
963.86720 0.000E+0 
964.11130 0.000E+0 
964.35550 0.000E+0 
964.59960 0.000E+0 
964.84380 0.000E+0 
965.08790 0.000E+0 
965.3320 0.000E+0 
965.57620 0.000E+0 
965.82030 0.000E+0 
966.06450 0.000E+0 
966.30860 0.000E+0 
966.55270 0.000E+0 
966.79690 0.000E+0 
967.0410 0.000E+0 
967.28520 0.000E+0 
967.52930 0.000E+0 
967.77340 0.000E+0 
968.01760 0.000E+0 
968.26170 0.000E+0 
968.50590 0.000E+0 
968.750 0.000E+0 
968.99410 0.000E+0 
969.23830 0.000E+0 
969.48240 0.000E+0 
969.72660 0.000E+0 
969.97070 0.000E+0 
970.21480 0.000E+0 
970.4590 0.000E+0 
970.70310 0.000E+0 
970.94730 0.000E+0 
971.19140 0.000E+0 
971.43550 0.000E+0 
971.67970 0.000E+0 
971.92380 0.000E+0 
972.1680 0.000E+0 
972.41210 0.000E+0 
972.65630 0.000E+0 
972.90040 0.000E+0 
973.14450 0.000E+0 
973.38870 0.000E+0 
973.63280 0.000E+0 
973.8770 0.000E+0 
974.12110 0.000E+0 
974.36520 0.000E+0 
974.60940 0.000E+0 
974.85350 0.000E+0 
975.09770 0.000E+0 
975.34180 0.000E+0 
975.58590 0.000E+0 
975.83010 0.000E+0 
976.07420 0.000E+0 
976.31840 0.000E+0 
976.56250 0.000E+0 
976.80660 0.000E+0 
977.05080 0.000E+0 
977.29490 0.000E+0 
977.53910 0.000E+0 
977.78320 0.000E+0 
978.02730 0.000E+0 
978.27150 0.000E+0 
978.51560 0.000E+0 
978.75980 0.000E+0 
979.00390 0.000E+0 
979.2480 0.000E+0 
979.49220 0.000E+0 
979.73630 0.000E+0 
979.98050 0.000E+0 
980.22460 0.000E+0 
980.46880 0.000E+0 
980.71290 0.000E+0 
980.9570 0.000E+0 
981.20120 0.000E+0 
981.44530 0.000E+0 
981.68950 0.000E+0 
981.93360 0.000E+0 
982.17770 0.000E+0 
982.42190 0.000E+0 
982.6660 0.000E+0 
982.91020 0.000E+0 
983.15430 0.000E+0 
983.39840 0.000E+0 
983.64260 0.000E+0 
983.88670 0.000E+0 
984.13090 0.000E+0 
984.3750 0.000E+0 
984.61910 0.000E+0 
984.86330 0.000E+0 
985.10740 0.000E+0 
985.35160 0.000E+0 
985.59570 0.000E+0 
985.83980 0.000E+0 
986.0840 0.000E+0 
986.32810 0.000E+0 
986.57230 0.000E+0 
986.81640 0.000E+0 
987.06050 0.000E+0 
987.30470 0.000E+0 
987.54880 0.000E+0 
987.7930 0.000E+0 
988.03710 0.000E+0 
988.28130 0.000E+0 
988.52540 0.000E+0 
988.76950 0.000E+0 
989.01370 0.000E+0 
989.25780 0.000E+0 
989.5020 0.000E+0 
989.74610 0.000E+0 
989.99020 0.000E+0 
990.23440 0.000E+0 
990.47850 0.000E+0 
990.72270 0.000E+0 
990.96680 0.000E+0 
991.21090 0.000E+0 
991.45510 0.000E+0 
991.69920 0.000E+0 
991.94340 0.000E+0 
992.18750 0.000E+0 
992.43160 0.000E+0 
992.67580 0.000E+0 
992.91990 0.000E+0 
993.16410 0.000E+0 
993.40820 0.000E+0 
993.65230 0.000E+0 
993.89650 0.000E+0 
994.14060 0.000E+0 
994.38480 0.000E+0 
994.62890 0.000E+0 
994.8730 0.000E+0 
995.11720 0.000E+0 
995.36130 0.000E+0 
995.60550 0.000E+0 
995.84960 0.000E+0 
996.09380 0.000E+0 
996.33790 0.000E+0 
996.5820 0.000E+0 
996.82620 0.000E+0 
997.07030 0.000E+0 
997.31450 0.000E+0 
997.55860 0.000E+0 
997.80270 0.000E+0 
998.04690 0.000E+0 
998.2910 0.000E+0 
998.53520 0.000E+0 
998.77930 0.000E+0 
999.02340 0.000E+0 
999.26760 0.000E+0 
999.51170 0.000E+0 
999.75590 0.000E+0 
