Labels PtPm-2Pz_ex350_mon_450_1us 
0.00 0.000E+0 
0.244141 0.000E+0 
0.488281 0.000E+0 
0.732422 0.000E+0 
0.976563 0.000E+0 
1.220703 0.000E+0 
1.464844 0.000E+0 
1.708984 0.000E+0 
1.953125 0.000E+0 
2.197266 0.000E+0 
2.441406 0.000E+0 
2.685547 0.000E+0 
2.929688 0.000E+0 
3.173828 0.000E+0 
3.417969 0.000E+0 
3.662109 0.000E+0 
3.906250 0.000E+0 
4.150391 0.000E+0 
4.394531 0.000E+0 
4.638672 0.000E+0 
4.882813 0.000E+0 
5.126953 0.000E+0 
5.371094 0.000E+0 
5.615234 0.000E+0 
5.859375 0.000E+0 
6.103516 0.000E+0 
6.347656 0.000E+0 
6.591797 0.000E+0 
6.835938 0.000E+0 
7.080078 0.000E+0 
7.324219 0.000E+0 
7.568359 0.000E+0 
7.81250 0.000E+0 
8.056641 0.000E+0 
8.300781 0.000E+0 
8.544922 0.000E+0 
8.789063 0.000E+0 
9.033203 0.000E+0 
9.277344 0.000E+0 
9.521484 0.000E+0 
9.765625 0.000E+0 
10.009766 0.000E+0 
10.253906 0.000E+0 
10.498047 0.000E+0 
10.742188 0.000E+0 
10.986328 0.000E+0 
11.230469 0.000E+0 
11.474609 0.000E+0 
11.718750 0.000E+0 
11.962891 0.000E+0 
12.207031 0.000E+0 
12.451172 0.000E+0 
12.695313 0.000E+0 
12.939453 0.000E+0 
13.183594 0.000E+0 
13.427734 0.000E+0 
13.671875 0.000E+0 
13.916016 0.000E+0 
14.160156 0.000E+0 
14.40430 0.000E+0 
14.648438 0.000E+0 
14.892578 0.000E+0 
15.136719 0.000E+0 
15.380859 0.000E+0 
15.6250 0.000E+0 
15.869141 0.000E+0 
16.113281 0.000E+0 
16.357422 0.000E+0 
16.601563 0.000E+0 
16.84570 0.000E+0 
17.089844 0.000E+0 
17.333984 0.000E+0 
17.578125 0.000E+0 
17.822266 0.000E+0 
18.066406 0.000E+0 
18.310547 0.000E+0 
18.554688 0.000E+0 
18.798828 0.000E+0 
19.042969 0.000E+0 
19.287109 0.000E+0 
19.531250 0.000E+0 
19.775391 0.000E+0 
20.019531 0.000E+0 
20.263672 0.000E+0 
20.507813 0.000E+0 
20.751953 0.000E+0 
20.996094 0.000E+0 
21.240234 0.000E+0 
21.484375 0.000E+0 
21.728516 0.000E+0 
21.972656 0.000E+0 
22.21680 0.000E+0 
22.460938 0.000E+0 
22.705078 0.000E+0 
22.949219 0.000E+0 
23.193359 0.000E+0 
23.43750 0.000E+0 
23.681641 0.000E+0 
23.925781 0.000E+0 
24.169922 0.000E+0 
24.414063 0.000E+0 
24.65820 0.000E+0 
24.902344 0.000E+0 
25.146484 0.000E+0 
25.390625 0.000E+0 
25.634766 0.000E+0 
25.878906 0.000E+0 
26.123047 0.000E+0 
26.367188 0.000E+0 
26.611328 0.000E+0 
26.855469 0.000E+0 
27.099609 0.000E+0 
27.343750 0.000E+0 
27.587891 0.000E+0 
27.832031 0.000E+0 
28.076172 0.000E+0 
28.320313 0.000E+0 
28.564453 0.000E+0 
28.808594 0.000E+0 
29.052734 0.000E+0 
29.296875 0.000E+0 
29.541016 0.000E+0 
29.785156 0.000E+0 
30.02930 0.000E+0 
30.273438 0.000E+0 
30.517578 0.000E+0 
30.761719 0.000E+0 
31.005859 0.000E+0 
31.250 0.000E+0 
31.494141 0.000E+0 
31.738281 0.000E+0 
31.982422 0.000E+0 
32.226563 0.000E+0 
32.47070 0.000E+0 
32.714844 0.000E+0 
32.958984 0.000E+0 
33.203125 0.000E+0 
33.447266 0.000E+0 
33.691406 0.000E+0 
33.935547 0.000E+0 
34.179688 0.000E+0 
34.423828 0.000E+0 
34.667969 0.000E+0 
34.912109 0.000E+0 
35.156250 0.000E+0 
35.400391 0.000E+0 
35.644531 0.000E+0 
35.888672 0.000E+0 
36.132813 0.000E+0 
36.376953 0.000E+0 
36.621094 0.000E+0 
36.865234 0.000E+0 
37.109375 0.000E+0 
37.353516 0.000E+0 
37.597656 0.000E+0 
37.84180 0.000E+0 
38.085938 0.000E+0 
38.330078 0.000E+0 
38.574219 0.000E+0 
38.818359 0.000E+0 
39.06250 0.000E+0 
39.306641 0.000E+0 
39.550781 0.000E+0 
39.794922 0.000E+0 
40.039063 0.000E+0 
40.28320 0.000E+0 
40.527344 0.000E+0 
40.771484 0.000E+0 
41.015625 0.000E+0 
41.259766 0.000E+0 
41.503906 0.000E+0 
41.748047 0.000E+0 
41.992188 0.000E+0 
42.236328 0.000E+0 
42.480469 2.000E+0 
42.724609 3.000E+0 
42.968750 6.000E+0 
43.212891 6.000E+0 
43.457031 1.100E+1 
43.701172 1.900E+1 
43.945313 2.100E+1 
44.189453 3.100E+1 
44.433594 4.600E+1 
44.677734 8.700E+1 
44.921875 1.300E+2 
45.166016 1.380E+2 
45.410156 1.800E+2 
45.65430 1.960E+2 
45.898438 2.500E+2 
46.142578 2.380E+2 
46.386719 3.020E+2 
46.630859 2.970E+2 
46.8750 3.290E+2 
47.119141 3.390E+2 
47.363281 3.660E+2 
47.607422 4.180E+2 
47.851563 4.180E+2 
48.09570 4.080E+2 
48.339844 4.000E+2 
48.583984 4.860E+2 
48.828125 4.230E+2 
49.072266 5.000E+2 
49.316406 4.940E+2 
49.560547 4.670E+2 
49.804688 4.600E+2 
50.048828 4.000E+2 
50.292969 3.960E+2 
50.537109 3.470E+2 
50.781250 3.450E+2 
51.025391 3.040E+2 
51.269531 2.680E+2 
51.513672 2.660E+2 
51.757813 2.420E+2 
52.001953 2.380E+2 
52.246094 2.570E+2 
52.490234 2.340E+2 
52.734375 2.150E+2 
52.978516 2.520E+2 
53.222656 2.130E+2 
53.46680 2.270E+2 
53.710938 2.550E+2 
53.955078 2.550E+2 
54.199219 2.180E+2 
54.443359 2.530E+2 
54.68750 2.160E+2 
54.931641 2.140E+2 
55.175781 2.210E+2 
55.419922 2.270E+2 
55.664063 2.450E+2 
55.90820 2.400E+2 
56.152344 2.340E+2 
56.396484 2.310E+2 
56.640625 2.390E+2 
56.884766 2.390E+2 
57.128906 2.320E+2 
57.373047 2.760E+2 
57.617188 2.380E+2 
57.861328 2.850E+2 
58.105469 2.270E+2 
58.349609 2.210E+2 
58.593750 2.630E+2 
58.837891 2.200E+2 
59.082031 2.520E+2 
59.326172 2.190E+2 
59.570313 2.350E+2 
59.814453 2.010E+2 
60.058594 2.040E+2 
60.302734 1.880E+2 
60.546875 1.780E+2 
60.791016 2.200E+2 
61.035156 1.740E+2 
61.27930 1.940E+2 
61.523438 1.900E+2 
61.767578 1.700E+2 
62.011719 1.970E+2 
62.255859 1.890E+2 
62.50 1.740E+2 
62.744141 1.750E+2 
62.988281 1.780E+2 
63.232422 1.670E+2 
63.476563 1.750E+2 
63.72070 1.960E+2 
63.964844 1.870E+2 
64.208984 1.920E+2 
64.453125 2.020E+2 
64.697266 1.600E+2 
64.941406 2.010E+2 
65.185547 1.820E+2 
65.429688 1.920E+2 
65.673828 1.850E+2 
65.917969 1.790E+2 
66.162109 1.840E+2 
66.406250 1.910E+2 
66.650391 1.860E+2 
66.894531 1.830E+2 
67.138672 1.790E+2 
67.382813 1.640E+2 
67.626953 1.560E+2 
67.871094 1.670E+2 
68.115234 1.500E+2 
68.359375 1.770E+2 
68.603516 1.630E+2 
68.847656 1.720E+2 
69.09180 1.720E+2 
69.335938 1.700E+2 
69.580078 1.720E+2 
69.824219 1.480E+2 
70.068359 1.400E+2 
70.31250 1.710E+2 
70.556641 1.390E+2 
70.800781 1.430E+2 
71.044922 1.460E+2 
71.289063 1.620E+2 
71.53320 1.660E+2 
71.777344 1.320E+2 
72.021484 1.360E+2 
72.265625 1.350E+2 
72.509766 1.430E+2 
72.753906 1.380E+2 
72.998047 1.430E+2 
73.242188 1.550E+2 
73.486328 1.400E+2 
73.730469 1.530E+2 
73.974609 1.510E+2 
74.218750 1.620E+2 
74.462891 1.540E+2 
74.707031 1.580E+2 
74.951172 1.620E+2 
75.195313 1.320E+2 
75.439453 1.360E+2 
75.683594 1.290E+2 
75.927734 1.350E+2 
76.171875 1.480E+2 
76.416016 1.690E+2 
76.660156 1.490E+2 
76.90430 1.280E+2 
77.148438 1.310E+2 
77.392578 1.330E+2 
77.636719 1.290E+2 
77.880859 1.330E+2 
78.1250 1.500E+2 
78.369141 1.270E+2 
78.613281 1.270E+2 
78.857422 1.520E+2 
79.101563 1.250E+2 
79.34570 1.370E+2 
79.589844 1.310E+2 
79.833984 1.260E+2 
80.078125 1.380E+2 
80.322266 1.460E+2 
80.566406 1.090E+2 
80.810547 1.340E+2 
81.054688 1.540E+2 
81.298828 1.130E+2 
81.542969 1.270E+2 
81.787109 1.330E+2 
82.031250 1.210E+2 
82.275391 1.210E+2 
82.519531 1.250E+2 
82.763672 9.700E+1 
83.007813 1.310E+2 
83.251953 1.290E+2 
83.496094 1.390E+2 
83.740234 1.150E+2 
83.984375 1.210E+2 
84.228516 1.280E+2 
84.472656 1.220E+2 
84.71680 1.090E+2 
84.960938 1.260E+2 
85.205078 1.290E+2 
85.449219 1.120E+2 
85.693359 1.290E+2 
85.93750 1.300E+2 
86.181641 1.210E+2 
86.425781 1.260E+2 
86.669922 1.250E+2 
86.914063 1.170E+2 
87.15820 1.280E+2 
87.402344 1.100E+2 
87.646484 1.000E+2 
87.890625 1.190E+2 
88.134766 1.220E+2 
88.378906 1.330E+2 
88.623047 1.190E+2 
88.867188 1.000E+2 
89.111328 1.090E+2 
89.355469 9.700E+1 
89.599609 1.130E+2 
89.843750 1.110E+2 
90.087891 1.000E+2 
90.332031 1.140E+2 
90.576172 1.020E+2 
90.820313 1.150E+2 
91.064453 1.240E+2 
91.308594 1.150E+2 
91.552734 1.140E+2 
91.796875 1.090E+2 
92.041016 1.090E+2 
92.285156 9.400E+1 
92.52930 1.230E+2 
92.773438 1.070E+2 
93.017578 1.160E+2 
93.261719 1.130E+2 
93.505859 9.600E+1 
93.750 1.000E+2 
93.994141 1.150E+2 
94.238281 9.100E+1 
94.482422 1.030E+2 
94.726563 9.500E+1 
94.97070 9.800E+1 
95.214844 1.080E+2 
95.458984 1.060E+2 
95.703125 1.140E+2 
95.947266 1.100E+2 
96.191406 1.170E+2 
96.435547 1.080E+2 
96.679688 8.800E+1 
96.923828 1.120E+2 
97.167969 8.000E+1 
97.412109 1.110E+2 
97.656250 9.100E+1 
97.900391 9.300E+1 
98.144531 9.500E+1 
98.388672 9.100E+1 
98.632813 9.400E+1 
98.876953 1.070E+2 
99.121094 7.500E+1 
99.365234 1.010E+2 
99.609375 1.020E+2 
99.853516 1.090E+2 
100.09770 9.100E+1 
100.34180 1.030E+2 
100.58590 9.700E+1 
100.83010 9.700E+1 
101.07420 9.900E+1 
101.31840 1.050E+2 
101.56250 1.010E+2 
101.80660 1.170E+2 
102.05080 8.800E+1 
102.29490 1.130E+2 
102.53910 8.200E+1 
102.78320 1.020E+2 
103.02730 8.700E+1 
103.27150 9.500E+1 
103.51560 9.200E+1 
103.75980 9.700E+1 
104.00390 8.200E+1 
104.2480 7.900E+1 
104.49220 8.400E+1 
104.73630 9.200E+1 
104.98050 1.070E+2 
105.22460 7.500E+1 
105.46880 8.800E+1 
105.71290 1.010E+2 
105.9570 8.400E+1 
106.20120 8.800E+1 
106.44530 8.200E+1 
106.68950 7.200E+1 
106.93360 9.100E+1 
107.17770 8.800E+1 
107.42190 8.900E+1 
107.6660 9.700E+1 
107.91020 1.030E+2 
108.15430 8.600E+1 
108.39840 7.900E+1 
108.64260 9.400E+1 
108.88670 9.200E+1 
109.13090 1.070E+2 
109.3750 9.200E+1 
109.61910 1.020E+2 
109.86330 8.400E+1 
110.10740 8.900E+1 
110.35160 8.400E+1 
110.59570 9.800E+1 
110.83980 8.500E+1 
111.0840 9.600E+1 
111.32810 8.000E+1 
111.57230 7.500E+1 
111.81640 8.100E+1 
112.06050 7.800E+1 
112.30470 8.600E+1 
112.54880 8.400E+1 
112.7930 8.200E+1 
113.03710 1.000E+2 
113.28130 7.500E+1 
113.52540 8.600E+1 
113.76950 7.800E+1 
114.01370 8.100E+1 
114.25780 9.200E+1 
114.5020 9.700E+1 
114.74610 7.500E+1 
114.99020 9.300E+1 
115.23440 8.900E+1 
115.47850 7.500E+1 
115.72270 9.800E+1 
115.96680 9.000E+1 
116.21090 8.000E+1 
116.45510 7.000E+1 
116.69920 7.300E+1 
116.94340 7.400E+1 
117.18750 9.200E+1 
117.43160 9.400E+1 
117.67580 8.900E+1 
117.91990 8.500E+1 
118.16410 7.600E+1 
118.40820 8.100E+1 
118.65230 7.000E+1 
118.89650 7.900E+1 
119.14060 8.000E+1 
119.38480 8.000E+1 
119.62890 7.700E+1 
119.8730 7.300E+1 
120.11720 9.100E+1 
120.36130 5.800E+1 
120.60550 7.900E+1 
120.84960 8.500E+1 
121.09380 8.600E+1 
121.33790 7.800E+1 
121.5820 7.200E+1 
121.82620 8.300E+1 
122.07030 7.400E+1 
122.31450 6.300E+1 
122.55860 7.600E+1 
122.80270 6.700E+1 
123.04690 6.800E+1 
123.2910 7.000E+1 
123.53520 6.800E+1 
123.77930 7.800E+1 
124.02340 7.700E+1 
124.26760 7.500E+1 
124.51170 7.700E+1 
124.75590 8.000E+1 
125.0 6.900E+1 
125.24410 9.100E+1 
125.48830 7.700E+1 
125.73240 5.900E+1 
125.97660 7.900E+1 
126.22070 6.100E+1 
126.46480 8.700E+1 
126.7090 6.900E+1 
126.95310 7.100E+1 
127.19730 6.500E+1 
127.44140 6.100E+1 
127.68550 6.800E+1 
127.92970 7.400E+1 
128.17380 7.700E+1 
128.4180 7.600E+1 
128.66210 5.900E+1 
128.90630 8.100E+1 
129.15040 7.500E+1 
129.39450 6.900E+1 
129.63870 9.400E+1 
129.88280 8.400E+1 
130.1270 6.800E+1 
130.37110 7.100E+1 
130.61520 6.500E+1 
130.85940 6.900E+1 
131.10350 7.700E+1 
131.34770 8.100E+1 
131.59180 5.600E+1 
131.83590 7.200E+1 
132.08010 7.400E+1 
132.32420 6.600E+1 
132.56840 6.700E+1 
132.81250 6.200E+1 
133.05660 6.500E+1 
133.30080 6.300E+1 
133.54490 7.500E+1 
133.78910 6.100E+1 
134.03320 5.900E+1 
134.27730 6.800E+1 
134.52150 5.200E+1 
134.76560 7.200E+1 
135.00980 6.600E+1 
135.25390 6.800E+1 
135.4980 8.600E+1 
135.74220 7.300E+1 
135.98630 7.400E+1 
136.23050 6.500E+1 
136.47460 6.900E+1 
136.71880 6.100E+1 
136.96290 7.000E+1 
137.2070 6.600E+1 
137.45120 5.600E+1 
137.69530 6.800E+1 
137.93950 6.100E+1 
138.18360 6.700E+1 
138.42770 6.700E+1 
138.67190 7.100E+1 
138.9160 4.700E+1 
139.16020 7.300E+1 
139.40430 6.400E+1 
139.64840 5.900E+1 
139.89260 6.500E+1 
140.13670 6.100E+1 
140.38090 6.900E+1 
140.6250 5.900E+1 
140.86910 6.500E+1 
141.11330 5.900E+1 
141.35740 7.000E+1 
141.60160 7.000E+1 
141.84570 6.000E+1 
142.08980 6.200E+1 
142.3340 5.400E+1 
142.57810 6.400E+1 
142.82230 6.900E+1 
143.06640 6.600E+1 
143.31050 4.900E+1 
143.55470 6.500E+1 
143.79880 6.300E+1 
144.0430 4.100E+1 
144.28710 7.400E+1 
144.53130 7.100E+1 
144.77540 7.900E+1 
145.01950 6.000E+1 
145.26370 5.200E+1 
145.50780 6.700E+1 
145.7520 6.100E+1 
145.99610 6.100E+1 
146.24020 5.900E+1 
146.48440 6.600E+1 
146.72850 6.100E+1 
146.97270 6.500E+1 
147.21680 5.300E+1 
147.46090 5.800E+1 
147.70510 6.000E+1 
147.94920 5.700E+1 
148.19340 5.400E+1 
148.43750 4.900E+1 
148.68160 5.500E+1 
148.92580 7.200E+1 
149.16990 5.300E+1 
149.41410 5.700E+1 
149.65820 5.900E+1 
149.90230 5.100E+1 
150.14650 5.600E+1 
150.39060 6.100E+1 
150.63480 4.900E+1 
150.87890 4.500E+1 
151.1230 5.500E+1 
151.36720 4.400E+1 
151.61130 5.600E+1 
151.85550 6.100E+1 
152.09960 4.400E+1 
152.34380 4.900E+1 
152.58790 5.500E+1 
152.8320 6.100E+1 
153.07620 4.800E+1 
153.32030 5.600E+1 
153.56450 5.500E+1 
153.80860 5.200E+1 
154.05270 5.800E+1 
154.29690 5.400E+1 
154.5410 5.300E+1 
154.78520 5.500E+1 
155.02930 5.700E+1 
155.27340 6.000E+1 
155.51760 6.600E+1 
155.76170 4.900E+1 
156.00590 5.100E+1 
156.250 6.300E+1 
156.49410 6.100E+1 
156.73830 6.300E+1 
156.98240 5.700E+1 
157.22660 5.300E+1 
157.47070 5.800E+1 
157.71480 6.800E+1 
157.9590 3.900E+1 
158.20310 4.900E+1 
158.44730 5.700E+1 
158.69140 6.300E+1 
158.93550 5.400E+1 
159.17970 5.700E+1 
159.42380 4.300E+1 
159.6680 4.200E+1 
159.91210 3.600E+1 
160.15630 5.600E+1 
160.40040 3.400E+1 
160.64450 4.500E+1 
160.88870 5.400E+1 
161.13280 4.100E+1 
161.3770 4.800E+1 
161.62110 4.100E+1 
161.86520 5.000E+1 
162.10940 5.800E+1 
162.35350 4.500E+1 
162.59770 4.900E+1 
162.84180 4.600E+1 
163.08590 4.700E+1 
163.33010 5.800E+1 
163.57420 6.500E+1 
163.81840 5.300E+1 
164.06250 6.100E+1 
164.30660 5.900E+1 
164.55080 6.100E+1 
164.79490 4.700E+1 
165.03910 5.000E+1 
165.28320 3.400E+1 
165.52730 5.000E+1 
165.77150 5.600E+1 
166.01560 4.200E+1 
166.25980 4.900E+1 
166.50390 6.700E+1 
166.7480 5.900E+1 
166.99220 5.100E+1 
167.23630 4.800E+1 
167.48050 4.000E+1 
167.72460 5.000E+1 
167.96880 5.800E+1 
168.21290 5.900E+1 
168.4570 5.200E+1 
168.70120 4.700E+1 
168.94530 4.900E+1 
169.18950 4.600E+1 
169.43360 4.000E+1 
169.67770 4.600E+1 
169.92190 4.100E+1 
170.1660 4.500E+1 
170.41020 4.700E+1 
170.65430 4.300E+1 
170.89840 5.100E+1 
171.14260 5.200E+1 
171.38670 4.700E+1 
171.63090 3.800E+1 
171.8750 4.500E+1 
172.11910 4.400E+1 
172.36330 5.000E+1 
172.60740 3.600E+1 
172.85160 4.100E+1 
173.09570 5.800E+1 
173.33980 4.500E+1 
173.5840 4.600E+1 
173.82810 4.000E+1 
174.07230 4.600E+1 
174.31640 4.600E+1 
174.56050 4.400E+1 
174.80470 4.200E+1 
175.04880 4.900E+1 
175.2930 4.200E+1 
175.53710 4.700E+1 
175.78130 3.700E+1 
176.02540 5.000E+1 
176.26950 4.500E+1 
176.51370 4.900E+1 
176.75780 4.100E+1 
177.0020 4.500E+1 
177.24610 4.600E+1 
177.49020 4.500E+1 
177.73440 5.000E+1 
177.97850 3.700E+1 
178.22270 4.700E+1 
178.46680 5.700E+1 
178.71090 5.700E+1 
178.95510 4.300E+1 
179.19920 4.100E+1 
179.44340 5.600E+1 
179.68750 4.800E+1 
179.93160 4.600E+1 
180.17580 6.100E+1 
180.41990 3.900E+1 
180.66410 3.000E+1 
180.90820 3.900E+1 
181.15230 5.300E+1 
181.39650 4.000E+1 
181.64060 6.200E+1 
181.88480 4.100E+1 
182.12890 4.500E+1 
182.3730 5.400E+1 
182.61720 3.900E+1 
182.86130 5.500E+1 
183.10550 4.100E+1 
183.34960 4.600E+1 
183.59380 4.700E+1 
183.83790 4.500E+1 
184.0820 4.500E+1 
184.32620 4.600E+1 
184.57030 3.900E+1 
184.81450 5.200E+1 
185.05860 4.800E+1 
185.30270 3.500E+1 
185.54690 4.200E+1 
185.7910 4.400E+1 
186.03520 3.200E+1 
186.27930 4.700E+1 
186.52340 3.400E+1 
186.76760 4.500E+1 
187.01170 4.700E+1 
187.25590 4.100E+1 
187.50 2.900E+1 
187.74410 4.600E+1 
187.98830 3.600E+1 
188.23240 5.000E+1 
188.47660 3.900E+1 
188.72070 5.100E+1 
188.96480 4.400E+1 
189.2090 4.500E+1 
189.45310 4.800E+1 
189.69730 3.700E+1 
189.94140 4.900E+1 
190.18550 3.500E+1 
190.42970 3.600E+1 
190.67380 4.100E+1 
190.9180 3.800E+1 
191.16210 4.200E+1 
191.40630 2.900E+1 
191.65040 4.000E+1 
191.89450 4.200E+1 
192.13870 3.700E+1 
192.38280 3.800E+1 
192.6270 3.400E+1 
192.87110 4.600E+1 
193.11520 4.300E+1 
193.35940 3.900E+1 
193.60350 3.200E+1 
193.84770 3.700E+1 
194.09180 4.200E+1 
194.33590 2.800E+1 
194.58010 4.000E+1 
194.82420 4.200E+1 
195.06840 4.500E+1 
195.31250 3.000E+1 
195.55660 2.600E+1 
195.80080 3.500E+1 
196.04490 4.900E+1 
196.28910 3.000E+1 
196.53320 3.900E+1 
196.77730 3.900E+1 
197.02150 3.400E+1 
197.26560 3.100E+1 
197.50980 3.600E+1 
197.75390 3.600E+1 
197.9980 4.200E+1 
198.24220 3.700E+1 
198.48630 4.600E+1 
198.73050 3.900E+1 
198.97460 2.800E+1 
199.21880 3.300E+1 
199.46290 3.700E+1 
199.7070 3.900E+1 
199.95120 3.000E+1 
200.19530 3.800E+1 
200.43950 3.800E+1 
200.68360 3.500E+1 
200.92770 3.400E+1 
201.17190 4.500E+1 
201.4160 3.800E+1 
201.66020 3.900E+1 
201.90430 3.500E+1 
202.14840 3.700E+1 
202.39260 2.700E+1 
202.63670 3.700E+1 
202.88090 3.400E+1 
203.1250 4.200E+1 
203.36910 3.700E+1 
203.61330 3.200E+1 
203.85740 3.300E+1 
204.10160 4.800E+1 
204.34570 4.000E+1 
204.58980 2.800E+1 
204.8340 4.600E+1 
205.07810 5.000E+1 
205.32230 3.100E+1 
205.56640 2.800E+1 
205.81050 3.700E+1 
206.05470 3.400E+1 
206.29880 4.600E+1 
206.5430 3.100E+1 
206.78710 2.900E+1 
207.03130 2.400E+1 
207.27540 4.000E+1 
207.51950 2.500E+1 
207.76370 3.500E+1 
208.00780 3.400E+1 
208.2520 3.300E+1 
208.49610 3.900E+1 
208.74020 3.100E+1 
208.98440 2.900E+1 
209.22850 3.600E+1 
209.47270 3.200E+1 
209.71680 3.800E+1 
209.96090 3.800E+1 
210.20510 3.800E+1 
210.44920 3.200E+1 
210.69340 4.300E+1 
210.93750 2.900E+1 
211.18160 3.400E+1 
211.42580 2.600E+1 
211.66990 3.700E+1 
211.91410 4.500E+1 
212.15820 3.700E+1 
212.40230 4.200E+1 
212.64650 3.100E+1 
212.89060 3.700E+1 
213.13480 2.800E+1 
213.37890 3.000E+1 
213.6230 2.700E+1 
213.86720 3.800E+1 
214.11130 3.500E+1 
214.35550 2.900E+1 
214.59960 3.500E+1 
214.84380 2.800E+1 
215.08790 3.100E+1 
215.3320 4.500E+1 
215.57620 3.000E+1 
215.82030 3.500E+1 
216.06450 3.200E+1 
216.30860 3.500E+1 
216.55270 3.400E+1 
216.79690 3.700E+1 
217.0410 3.900E+1 
217.28520 3.800E+1 
217.52930 3.100E+1 
217.77340 3.100E+1 
218.01760 2.500E+1 
218.26170 3.000E+1 
218.50590 3.300E+1 
218.750 4.100E+1 
218.99410 3.600E+1 
219.23830 2.600E+1 
219.48240 2.700E+1 
219.72660 3.000E+1 
219.97070 3.000E+1 
220.21480 3.500E+1 
220.4590 3.200E+1 
220.70310 2.200E+1 
220.94730 3.600E+1 
221.19140 3.200E+1 
221.43550 2.900E+1 
221.67970 3.300E+1 
221.92380 3.200E+1 
222.1680 2.800E+1 
222.41210 3.500E+1 
222.65630 3.900E+1 
222.90040 3.800E+1 
223.14450 3.000E+1 
223.38870 3.100E+1 
223.63280 3.700E+1 
223.8770 3.200E+1 
224.12110 3.000E+1 
224.36520 2.700E+1 
224.60940 3.100E+1 
224.85350 2.400E+1 
225.09770 3.900E+1 
225.34180 2.600E+1 
225.58590 3.800E+1 
225.83010 3.200E+1 
226.07420 2.800E+1 
226.31840 2.500E+1 
226.56250 2.600E+1 
226.80660 3.200E+1 
227.05080 3.200E+1 
227.29490 1.900E+1 
227.53910 2.300E+1 
227.78320 2.500E+1 
228.02730 3.600E+1 
228.27150 3.100E+1 
228.51560 2.300E+1 
228.75980 3.200E+1 
229.00390 3.200E+1 
229.2480 2.900E+1 
229.49220 3.000E+1 
229.73630 2.400E+1 
229.98050 2.400E+1 
230.22460 3.200E+1 
230.46880 3.600E+1 
230.71290 3.000E+1 
230.9570 3.900E+1 
231.20120 2.000E+1 
231.44530 3.000E+1 
231.68950 4.100E+1 
231.93360 3.000E+1 
232.17770 3.200E+1 
232.42190 3.300E+1 
232.6660 3.300E+1 
232.91020 2.600E+1 
233.15430 3.500E+1 
233.39840 3.300E+1 
233.64260 2.500E+1 
233.88670 2.700E+1 
234.13090 3.200E+1 
234.3750 2.700E+1 
234.61910 2.200E+1 
234.86330 2.600E+1 
235.10740 2.900E+1 
235.35160 2.200E+1 
235.59570 3.200E+1 
235.83980 3.500E+1 
236.0840 3.400E+1 
236.32810 2.900E+1 
236.57230 3.600E+1 
236.81640 3.000E+1 
237.06050 3.400E+1 
237.30470 2.800E+1 
237.54880 2.100E+1 
237.7930 2.900E+1 
238.03710 2.800E+1 
238.28130 4.500E+1 
238.52540 2.600E+1 
238.76950 3.200E+1 
239.01370 2.400E+1 
239.25780 2.200E+1 
239.5020 2.800E+1 
239.74610 1.800E+1 
239.99020 2.700E+1 
240.23440 2.900E+1 
240.47850 3.800E+1 
240.72270 2.500E+1 
240.96680 3.900E+1 
241.21090 2.800E+1 
241.45510 2.900E+1 
241.69920 2.800E+1 
241.94340 2.800E+1 
242.18750 2.400E+1 
242.43160 2.300E+1 
242.67580 2.400E+1 
242.91990 3.100E+1 
243.16410 3.600E+1 
243.40820 2.600E+1 
243.65230 2.300E+1 
243.89650 3.100E+1 
244.14060 2.700E+1 
244.38480 3.400E+1 
244.62890 3.200E+1 
244.8730 2.300E+1 
245.11720 2.000E+1 
245.36130 3.400E+1 
245.60550 1.900E+1 
245.84960 2.500E+1 
246.09380 2.300E+1 
246.33790 2.700E+1 
246.5820 2.500E+1 
246.82620 2.300E+1 
247.07030 2.700E+1 
247.31450 2.400E+1 
247.55860 2.200E+1 
247.80270 3.200E+1 
248.04690 3.100E+1 
248.2910 3.200E+1 
248.53520 2.000E+1 
248.77930 3.000E+1 
249.02340 2.600E+1 
249.26760 2.500E+1 
249.51170 3.300E+1 
249.75590 2.600E+1 
250.0 2.700E+1 
250.24410 3.700E+1 
250.48830 2.200E+1 
250.73240 3.000E+1 
250.97660 2.800E+1 
251.22070 2.300E+1 
251.46480 2.400E+1 
251.7090 2.700E+1 
251.95310 2.600E+1 
252.19730 1.600E+1 
252.44140 2.800E+1 
252.68550 1.900E+1 
252.92970 2.100E+1 
253.17380 2.300E+1 
253.4180 2.900E+1 
253.66210 2.600E+1 
253.90630 2.300E+1 
254.15040 2.900E+1 
254.39450 1.700E+1 
254.63870 1.900E+1 
254.88280 2.600E+1 
255.1270 2.400E+1 
255.37110 2.300E+1 
255.61520 2.800E+1 
255.85940 2.100E+1 
256.10350 2.000E+1 
256.34770 2.200E+1 
256.59180 2.800E+1 
256.83590 2.800E+1 
257.08010 2.200E+1 
257.32420 1.500E+1 
257.56840 3.200E+1 
257.81250 2.600E+1 
258.05660 2.300E+1 
258.30080 2.900E+1 
258.54490 2.400E+1 
258.78910 2.600E+1 
259.03320 2.300E+1 
259.27730 2.700E+1 
259.52150 3.200E+1 
259.76560 2.100E+1 
260.00980 2.000E+1 
260.25390 2.300E+1 
260.4980 2.600E+1 
260.74220 2.000E+1 
260.98630 2.100E+1 
261.23050 2.200E+1 
261.47460 2.400E+1 
261.71880 2.100E+1 
261.96290 3.000E+1 
262.2070 2.800E+1 
262.45120 2.800E+1 
262.69530 2.000E+1 
262.93950 2.600E+1 
263.18360 2.700E+1 
263.42770 3.200E+1 
263.67190 2.200E+1 
263.9160 2.700E+1 
264.16020 2.100E+1 
264.40430 2.100E+1 
264.64840 2.900E+1 
264.89260 2.700E+1 
265.13670 2.000E+1 
265.38090 3.000E+1 
265.6250 2.300E+1 
265.86910 1.600E+1 
266.11330 2.700E+1 
266.35740 2.300E+1 
266.60160 2.000E+1 
266.84570 2.800E+1 
267.08980 2.800E+1 
267.3340 2.100E+1 
267.57810 3.100E+1 
267.82230 2.800E+1 
268.06640 4.000E+1 
268.31050 2.900E+1 
268.55470 2.200E+1 
268.79880 2.100E+1 
269.0430 1.600E+1 
269.28710 2.800E+1 
269.53130 2.400E+1 
269.77540 2.500E+1 
270.01950 3.500E+1 
270.26370 2.900E+1 
270.50780 2.400E+1 
270.7520 1.700E+1 
270.99610 2.700E+1 
271.24020 2.800E+1 
271.48440 2.500E+1 
271.72850 2.000E+1 
271.97270 2.200E+1 
272.21680 3.200E+1 
272.46090 2.500E+1 
272.70510 2.500E+1 
272.94920 1.900E+1 
273.19340 2.100E+1 
273.43750 2.200E+1 
273.68160 2.300E+1 
273.92580 2.100E+1 
274.16990 2.500E+1 
274.41410 2.600E+1 
274.65820 2.500E+1 
274.90230 1.700E+1 
275.14650 1.900E+1 
275.39060 3.100E+1 
275.63480 1.800E+1 
275.87890 2.600E+1 
276.1230 2.400E+1 
276.36720 2.400E+1 
276.61130 3.100E+1 
276.85550 2.600E+1 
277.09960 2.300E+1 
277.34380 1.600E+1 
277.58790 1.800E+1 
277.8320 2.100E+1 
278.07620 1.400E+1 
278.32030 2.200E+1 
278.56450 3.800E+1 
278.80860 2.400E+1 
279.05270 2.400E+1 
279.29690 2.700E+1 
279.5410 2.200E+1 
279.78520 2.500E+1 
280.02930 1.600E+1 
280.27340 2.000E+1 
280.51760 1.700E+1 
280.76170 1.200E+1 
281.00590 1.300E+1 
281.250 3.400E+1 
281.49410 1.800E+1 
281.73830 2.400E+1 
281.98240 1.500E+1 
282.22660 2.400E+1 
282.47070 2.500E+1 
282.71480 2.000E+1 
282.9590 1.400E+1 
283.20310 3.100E+1 
283.44730 2.400E+1 
283.69140 1.700E+1 
283.93550 1.400E+1 
284.17970 2.000E+1 
284.42380 2.600E+1 
284.6680 1.900E+1 
284.91210 2.200E+1 
285.15630 1.800E+1 
285.40040 3.100E+1 
285.64450 2.000E+1 
285.88870 2.100E+1 
286.13280 2.500E+1 
286.3770 1.700E+1 
286.62110 1.600E+1 
286.86520 2.500E+1 
287.10940 2.500E+1 
287.35350 2.800E+1 
287.59770 2.900E+1 
287.84180 1.700E+1 
288.08590 1.900E+1 
288.33010 1.800E+1 
288.57420 1.300E+1 
288.81840 2.600E+1 
289.06250 2.100E+1 
289.30660 2.300E+1 
289.55080 2.000E+1 
289.79490 2.100E+1 
290.03910 2.200E+1 
290.28320 1.800E+1 
290.52730 2.600E+1 
290.77150 3.200E+1 
291.01560 1.900E+1 
291.25980 1.400E+1 
291.50390 1.100E+1 
291.7480 1.800E+1 
291.99220 2.300E+1 
292.23630 1.600E+1 
292.48050 1.400E+1 
292.72460 2.600E+1 
292.96880 2.600E+1 
293.21290 1.600E+1 
293.4570 2.400E+1 
293.70120 2.300E+1 
293.94530 2.100E+1 
294.18950 1.200E+1 
294.43360 2.900E+1 
294.67770 1.700E+1 
294.92190 1.300E+1 
295.1660 2.000E+1 
295.41020 2.700E+1 
295.65430 1.900E+1 
295.89840 2.100E+1 
296.14260 1.600E+1 
296.38670 2.400E+1 
296.63090 2.400E+1 
296.8750 1.900E+1 
297.11910 1.900E+1 
297.36330 1.900E+1 
297.60740 1.200E+1 
297.85160 2.200E+1 
298.09570 2.900E+1 
298.33980 2.000E+1 
298.5840 2.100E+1 
298.82810 2.100E+1 
299.07230 1.600E+1 
299.31640 1.700E+1 
299.56050 1.600E+1 
299.80470 2.300E+1 
300.04880 1.400E+1 
300.2930 2.000E+1 
300.53710 2.000E+1 
300.78130 2.300E+1 
301.02540 2.000E+1 
301.26950 1.800E+1 
301.51370 1.700E+1 
301.75780 1.700E+1 
302.0020 2.400E+1 
302.24610 1.700E+1 
302.49020 2.200E+1 
302.73440 1.800E+1 
302.97850 2.200E+1 
303.22270 1.900E+1 
303.46680 8.000E+0 
303.71090 1.700E+1 
303.95510 1.900E+1 
304.19920 2.100E+1 
304.44340 1.800E+1 
304.68750 1.800E+1 
304.93160 1.800E+1 
305.17580 1.000E+1 
305.41990 2.200E+1 
305.66410 1.500E+1 
305.90820 2.100E+1 
306.15230 2.300E+1 
306.39650 1.500E+1 
306.64060 2.400E+1 
306.88480 1.400E+1 
307.12890 1.200E+1 
307.3730 1.500E+1 
307.61720 1.500E+1 
307.86130 1.000E+1 
308.10550 1.700E+1 
308.34960 1.200E+1 
308.59380 1.700E+1 
308.83790 2.900E+1 
309.0820 2.800E+1 
309.32620 2.400E+1 
309.57030 1.500E+1 
309.81450 1.800E+1 
310.05860 1.900E+1 
310.30270 2.000E+1 
310.54690 1.900E+1 
310.7910 2.000E+1 
311.03520 1.800E+1 
311.27930 1.100E+1 
311.52340 1.800E+1 
311.76760 2.400E+1 
312.01170 1.600E+1 
312.25590 2.000E+1 
312.50 2.400E+1 
312.74410 1.400E+1 
312.98830 2.100E+1 
313.23240 1.700E+1 
313.47660 2.000E+1 
313.72070 1.400E+1 
313.96480 2.400E+1 
314.2090 2.200E+1 
314.45310 2.400E+1 
314.69730 2.300E+1 
314.94140 2.000E+1 
315.18550 1.200E+1 
315.42970 2.300E+1 
315.67380 2.100E+1 
315.9180 2.000E+1 
316.16210 2.400E+1 
316.40630 1.300E+1 
316.65040 1.700E+1 
316.89450 2.600E+1 
317.13870 2.100E+1 
317.38280 2.300E+1 
317.6270 1.600E+1 
317.87110 1.900E+1 
318.11520 2.300E+1 
318.35940 1.700E+1 
318.60350 2.000E+1 
318.84770 2.300E+1 
319.09180 1.800E+1 
319.33590 1.700E+1 
319.58010 2.200E+1 
319.82420 2.000E+1 
320.06840 2.300E+1 
320.31250 1.600E+1 
320.55660 1.800E+1 
320.80080 2.300E+1 
321.04490 1.600E+1 
321.28910 1.500E+1 
321.53320 1.600E+1 
321.77730 1.600E+1 
322.02150 1.600E+1 
322.26560 1.900E+1 
322.50980 1.900E+1 
322.75390 1.700E+1 
322.9980 2.100E+1 
323.24220 1.200E+1 
323.48630 1.300E+1 
323.73050 1.100E+1 
323.97460 1.200E+1 
324.21880 2.200E+1 
324.46290 1.500E+1 
324.7070 2.100E+1 
324.95120 2.000E+1 
325.19530 1.900E+1 
325.43950 1.400E+1 
325.68360 1.400E+1 
325.92770 1.800E+1 
326.17190 1.500E+1 
326.4160 1.200E+1 
326.66020 1.900E+1 
326.90430 1.700E+1 
327.14840 2.200E+1 
327.39260 1.600E+1 
327.63670 1.800E+1 
327.88090 1.200E+1 
328.1250 2.200E+1 
328.36910 2.300E+1 
328.61330 1.600E+1 
328.85740 1.000E+1 
329.10160 8.000E+0 
329.34570 2.400E+1 
329.58980 2.400E+1 
329.8340 2.500E+1 
330.07810 1.600E+1 
330.32230 1.100E+1 
330.56640 2.300E+1 
330.81050 2.000E+1 
331.05470 1.400E+1 
331.29880 1.500E+1 
331.5430 1.400E+1 
331.78710 1.200E+1 
332.03130 1.900E+1 
332.27540 1.300E+1 
332.51950 2.000E+1 
332.76370 1.600E+1 
333.00780 2.100E+1 
333.2520 1.600E+1 
333.49610 2.100E+1 
333.74020 2.100E+1 
333.98440 1.400E+1 
334.22850 8.000E+0 
334.47270 1.800E+1 
334.71680 2.300E+1 
334.96090 1.300E+1 
335.20510 1.300E+1 
335.44920 1.800E+1 
335.69340 8.000E+0 
335.93750 1.500E+1 
336.18160 1.600E+1 
336.42580 1.900E+1 
336.66990 1.400E+1 
336.91410 1.400E+1 
337.15820 1.600E+1 
337.40230 1.300E+1 
337.64650 1.700E+1 
337.89060 1.600E+1 
338.13480 1.000E+1 
338.37890 2.200E+1 
338.6230 2.100E+1 
338.86720 1.500E+1 
339.11130 6.000E+0 
339.35550 2.000E+1 
339.59960 1.700E+1 
339.84380 1.200E+1 
340.08790 1.700E+1 
340.3320 1.100E+1 
340.57620 1.600E+1 
340.82030 2.800E+1 
341.06450 1.600E+1 
341.30860 1.700E+1 
341.55270 1.100E+1 
341.79690 2.400E+1 
342.0410 1.300E+1 
342.28520 1.900E+1 
342.52930 1.200E+1 
342.77340 2.000E+1 
343.01760 1.700E+1 
343.26170 1.400E+1 
343.50590 2.000E+1 
343.750 2.000E+1 
343.99410 1.800E+1 
344.23830 1.500E+1 
344.48240 2.000E+1 
344.72660 1.500E+1 
344.97070 1.600E+1 
345.21480 2.400E+1 
345.4590 2.000E+1 
345.70310 1.600E+1 
345.94730 1.300E+1 
346.19140 1.600E+1 
346.43550 1.400E+1 
346.67970 1.900E+1 
346.92380 1.600E+1 
347.1680 1.100E+1 
347.41210 1.100E+1 
347.65630 1.600E+1 
347.90040 1.700E+1 
348.14450 1.200E+1 
348.38870 1.100E+1 
348.63280 1.900E+1 
348.8770 2.100E+1 
349.12110 1.300E+1 
349.36520 1.300E+1 
349.60940 1.800E+1 
349.85350 1.300E+1 
350.09770 2.000E+1 
350.34180 1.400E+1 
350.58590 1.300E+1 
350.83010 1.600E+1 
351.07420 1.400E+1 
351.31840 1.500E+1 
351.56250 1.200E+1 
351.80660 1.500E+1 
352.05080 1.600E+1 
352.29490 2.100E+1 
352.53910 1.100E+1 
352.78320 2.400E+1 
353.02730 2.200E+1 
353.27150 2.100E+1 
353.51560 1.800E+1 
353.75980 1.400E+1 
354.00390 1.400E+1 
354.2480 1.700E+1 
354.49220 2.000E+1 
354.73630 9.000E+0 
354.98050 1.200E+1 
355.22460 1.600E+1 
355.46880 2.000E+1 
355.71290 1.600E+1 
355.9570 1.300E+1 
356.20120 1.500E+1 
356.44530 9.000E+0 
356.68950 1.500E+1 
356.93360 1.500E+1 
357.17770 1.600E+1 
357.42190 1.600E+1 
357.6660 1.100E+1 
357.91020 1.500E+1 
358.15430 1.000E+1 
358.39840 1.000E+1 
358.64260 1.700E+1 
358.88670 1.600E+1 
359.13090 1.700E+1 
359.3750 9.000E+0 
359.61910 1.200E+1 
359.86330 1.700E+1 
360.10740 1.600E+1 
360.35160 1.500E+1 
360.59570 1.200E+1 
360.83980 1.200E+1 
361.0840 1.900E+1 
361.32810 1.400E+1 
361.57230 1.700E+1 
361.81640 2.400E+1 
362.06050 1.700E+1 
362.30470 1.400E+1 
362.54880 1.900E+1 
362.7930 1.700E+1 
363.03710 1.900E+1 
363.28130 1.300E+1 
363.52540 1.000E+1 
363.76950 6.000E+0 
364.01370 1.700E+1 
364.25780 1.500E+1 
364.5020 1.400E+1 
364.74610 1.000E+1 
364.99020 2.000E+1 
365.23440 1.500E+1 
365.47850 1.800E+1 
365.72270 1.600E+1 
365.96680 1.300E+1 
366.21090 1.100E+1 
366.45510 1.100E+1 
366.69920 1.900E+1 
366.94340 1.200E+1 
367.18750 1.600E+1 
367.43160 6.000E+0 
367.67580 1.700E+1 
367.91990 1.500E+1 
368.16410 1.600E+1 
368.40820 8.000E+0 
368.65230 1.700E+1 
368.89650 1.700E+1 
369.14060 1.000E+1 
369.38480 1.300E+1 
369.62890 1.200E+1 
369.8730 1.300E+1 
370.11720 1.900E+1 
370.36130 2.000E+1 
370.60550 1.300E+1 
370.84960 2.000E+1 
371.09380 1.600E+1 
371.33790 1.200E+1 
371.5820 1.800E+1 
371.82620 1.800E+1 
372.07030 1.100E+1 
372.31450 1.500E+1 
372.55860 1.400E+1 
372.80270 1.300E+1 
373.04690 1.800E+1 
373.2910 7.000E+0 
373.53520 2.200E+1 
373.77930 2.200E+1 
374.02340 1.200E+1 
374.26760 1.500E+1 
374.51170 1.200E+1 
374.75590 1.400E+1 
375.0 1.300E+1 
375.24410 1.500E+1 
375.48830 1.200E+1 
375.73240 1.400E+1 
375.97660 1.500E+1 
376.22070 1.200E+1 
376.46480 1.300E+1 
376.7090 1.000E+1 
376.95310 1.700E+1 
377.19730 1.500E+1 
377.44140 1.700E+1 
377.68550 1.900E+1 
377.92970 1.900E+1 
378.17380 1.100E+1 
378.4180 1.200E+1 
378.66210 1.500E+1 
378.90630 1.700E+1 
379.15040 1.500E+1 
379.39450 1.200E+1 
379.63870 6.000E+0 
379.88280 2.000E+1 
380.1270 1.300E+1 
380.37110 1.300E+1 
380.61520 1.600E+1 
380.85940 1.300E+1 
381.10350 2.000E+1 
381.34770 1.400E+1 
381.59180 1.200E+1 
381.83590 1.600E+1 
382.08010 2.000E+1 
382.32420 1.500E+1 
382.56840 1.300E+1 
382.81250 1.100E+1 
383.05660 1.800E+1 
383.30080 1.400E+1 
383.54490 1.700E+1 
383.78910 2.200E+1 
384.03320 1.000E+1 
384.27730 1.100E+1 
384.52150 1.500E+1 
384.76560 1.300E+1 
385.00980 1.100E+1 
385.25390 6.000E+0 
385.4980 1.200E+1 
385.74220 1.700E+1 
385.98630 1.500E+1 
386.23050 1.800E+1 
386.47460 1.500E+1 
386.71880 1.400E+1 
386.96290 1.000E+1 
387.2070 1.400E+1 
387.45120 1.400E+1 
387.69530 2.500E+1 
387.93950 8.000E+0 
388.18360 1.500E+1 
388.42770 1.300E+1 
388.67190 1.100E+1 
388.9160 1.600E+1 
389.16020 1.100E+1 
389.40430 1.400E+1 
389.64840 1.000E+1 
389.89260 1.900E+1 
390.13670 1.400E+1 
390.38090 9.000E+0 
390.6250 9.000E+0 
390.86910 1.200E+1 
391.11330 1.100E+1 
391.35740 1.200E+1 
391.60160 1.500E+1 
391.84570 1.200E+1 
392.08980 1.300E+1 
392.3340 1.100E+1 
392.57810 1.100E+1 
392.82230 1.200E+1 
393.06640 1.200E+1 
393.31050 2.000E+1 
393.55470 1.800E+1 
393.79880 7.000E+0 
394.0430 1.800E+1 
394.28710 1.300E+1 
394.53130 7.000E+0 
394.77540 1.500E+1 
395.01950 9.000E+0 
395.26370 1.400E+1 
395.50780 1.300E+1 
395.7520 1.700E+1 
395.99610 1.200E+1 
396.24020 1.200E+1 
396.48440 1.700E+1 
396.72850 1.500E+1 
396.97270 1.300E+1 
397.21680 1.400E+1 
397.46090 1.700E+1 
397.70510 1.300E+1 
397.94920 1.100E+1 
398.19340 1.500E+1 
398.43750 1.000E+1 
398.68160 1.300E+1 
398.92580 1.000E+1 
399.16990 1.400E+1 
399.41410 1.000E+1 
399.65820 1.500E+1 
399.90230 1.400E+1 
400.14650 9.000E+0 
400.39060 1.100E+1 
400.63480 1.700E+1 
400.87890 1.100E+1 
401.1230 9.000E+0 
401.36720 1.800E+1 
401.61130 1.200E+1 
401.85550 7.000E+0 
402.09960 2.400E+1 
402.34380 7.000E+0 
402.58790 1.000E+1 
402.8320 1.000E+1 
403.07620 1.700E+1 
403.32030 1.500E+1 
403.56450 1.300E+1 
403.80860 1.400E+1 
404.05270 9.000E+0 
404.29690 2.400E+1 
404.5410 1.100E+1 
404.78520 1.400E+1 
405.02930 1.000E+1 
405.27340 1.300E+1 
405.51760 9.000E+0 
405.76170 1.300E+1 
406.00590 9.000E+0 
406.250 7.000E+0 
406.49410 1.200E+1 
406.73830 1.600E+1 
406.98240 8.000E+0 
407.22660 1.100E+1 
407.47070 9.000E+0 
407.71480 9.000E+0 
407.9590 1.100E+1 
408.20310 1.500E+1 
408.44730 8.000E+0 
408.69140 1.100E+1 
408.93550 1.100E+1 
409.17970 1.100E+1 
409.42380 1.800E+1 
409.6680 4.000E+0 
409.91210 1.600E+1 
410.15630 1.000E+1 
410.40040 1.000E+1 
410.64450 1.300E+1 
410.88870 1.400E+1 
411.13280 6.000E+0 
411.3770 1.200E+1 
411.62110 1.200E+1 
411.86520 1.400E+1 
412.10940 8.000E+0 
412.35350 1.100E+1 
412.59770 8.000E+0 
412.84180 1.300E+1 
413.08590 1.300E+1 
413.33010 1.400E+1 
413.57420 7.000E+0 
413.81840 1.500E+1 
414.06250 1.200E+1 
414.30660 1.600E+1 
414.55080 1.100E+1 
414.79490 1.400E+1 
415.03910 1.500E+1 
415.28320 1.100E+1 
415.52730 1.000E+1 
415.77150 1.400E+1 
416.01560 9.000E+0 
416.25980 1.400E+1 
416.50390 4.000E+0 
416.7480 1.400E+1 
416.99220 1.100E+1 
417.23630 1.400E+1 
417.48050 1.100E+1 
417.72460 1.000E+1 
417.96880 8.000E+0 
418.21290 1.300E+1 
418.4570 1.100E+1 
418.70120 1.300E+1 
418.94530 7.000E+0 
419.18950 9.000E+0 
419.43360 1.200E+1 
419.67770 1.300E+1 
419.92190 1.400E+1 
420.1660 1.200E+1 
420.41020 1.300E+1 
420.65430 1.400E+1 
420.89840 1.600E+1 
421.14260 1.100E+1 
421.38670 1.600E+1 
421.63090 8.000E+0 
421.8750 7.000E+0 
422.11910 8.000E+0 
422.36330 1.800E+1 
422.60740 1.300E+1 
422.85160 1.100E+1 
423.09570 1.100E+1 
423.33980 1.700E+1 
423.5840 1.000E+1 
423.82810 1.000E+1 
424.07230 1.000E+1 
424.31640 1.500E+1 
424.56050 8.000E+0 
424.80470 1.500E+1 
425.04880 1.400E+1 
425.2930 8.000E+0 
425.53710 1.100E+1 
425.78130 9.000E+0 
426.02540 1.400E+1 
426.26950 8.000E+0 
426.51370 6.000E+0 
426.75780 1.000E+1 
427.0020 9.000E+0 
427.24610 1.700E+1 
427.49020 1.000E+1 
427.73440 1.900E+1 
427.97850 1.500E+1 
428.22270 1.500E+1 
428.46680 4.000E+0 
428.71090 1.800E+1 
428.95510 1.200E+1 
429.19920 1.200E+1 
429.44340 1.100E+1 
429.68750 8.000E+0 
429.93160 1.100E+1 
430.17580 1.300E+1 
430.41990 9.000E+0 
430.66410 5.000E+0 
430.90820 1.200E+1 
431.15230 1.200E+1 
431.39650 4.000E+0 
431.64060 9.000E+0 
431.88480 1.400E+1 
432.12890 1.000E+1 
432.3730 1.000E+1 
432.61720 1.000E+1 
432.86130 7.000E+0 
433.10550 1.000E+1 
433.34960 9.000E+0 
433.59380 5.000E+0 
433.83790 1.500E+1 
434.0820 6.000E+0 
434.32620 1.200E+1 
434.57030 1.700E+1 
434.81450 1.300E+1 
435.05860 1.500E+1 
435.30270 1.200E+1 
435.54690 6.000E+0 
435.7910 1.000E+1 
436.03520 1.400E+1 
436.27930 1.000E+1 
436.52340 8.000E+0 
436.76760 1.200E+1 
437.01170 9.000E+0 
437.25590 1.000E+1 
437.50 1.300E+1 
437.74410 8.000E+0 
437.98830 1.400E+1 
438.23240 8.000E+0 
438.47660 1.200E+1 
438.72070 1.100E+1 
438.96480 1.000E+1 
439.2090 8.000E+0 
439.45310 8.000E+0 
439.69730 9.000E+0 
439.94140 9.000E+0 
440.18550 9.000E+0 
440.42970 1.300E+1 
440.67380 8.000E+0 
440.9180 7.000E+0 
441.16210 1.100E+1 
441.40630 9.000E+0 
441.65040 1.000E+1 
441.89450 7.000E+0 
442.13870 9.000E+0 
442.38280 1.400E+1 
442.6270 1.100E+1 
442.87110 1.700E+1 
443.11520 1.300E+1 
443.35940 1.000E+1 
443.60350 1.100E+1 
443.84770 1.200E+1 
444.09180 9.000E+0 
444.33590 1.400E+1 
444.58010 2.000E+1 
444.82420 9.000E+0 
445.06840 4.000E+0 
445.31250 1.600E+1 
445.55660 9.000E+0 
445.80080 1.200E+1 
446.04490 1.600E+1 
446.28910 7.000E+0 
446.53320 5.000E+0 
446.77730 1.000E+1 
447.02150 1.400E+1 
447.26560 6.000E+0 
447.50980 7.000E+0 
447.75390 1.600E+1 
447.9980 1.600E+1 
448.24220 6.000E+0 
448.48630 1.400E+1 
448.73050 8.000E+0 
448.97460 1.400E+1 
449.21880 1.400E+1 
449.46290 1.000E+1 
449.7070 9.000E+0 
449.95120 1.000E+1 
450.19530 1.100E+1 
450.43950 8.000E+0 
450.68360 9.000E+0 
450.92770 7.000E+0 
451.17190 1.400E+1 
451.4160 9.000E+0 
451.66020 6.000E+0 
451.90430 1.400E+1 
452.14840 1.200E+1 
452.39260 2.100E+1 
452.63670 1.200E+1 
452.88090 1.600E+1 
453.1250 7.000E+0 
453.36910 9.000E+0 
453.61330 1.000E+1 
453.85740 6.000E+0 
454.10160 1.100E+1 
454.34570 8.000E+0 
454.58980 1.600E+1 
454.8340 9.000E+0 
455.07810 1.000E+1 
455.32230 1.100E+1 
455.56640 8.000E+0 
455.81050 1.500E+1 
456.05470 8.000E+0 
456.29880 1.000E+1 
456.5430 9.000E+0 
456.78710 1.100E+1 
457.03130 5.000E+0 
457.27540 6.000E+0 
457.51950 1.100E+1 
457.76370 5.000E+0 
458.00780 8.000E+0 
458.2520 9.000E+0 
458.49610 8.000E+0 
458.74020 2.000E+1 
458.98440 1.400E+1 
459.22850 1.000E+1 
459.47270 1.400E+1 
459.71680 1.300E+1 
459.96090 1.300E+1 
460.20510 1.000E+1 
460.44920 8.000E+0 
460.69340 7.000E+0 
460.93750 5.000E+0 
461.18160 1.200E+1 
461.42580 7.000E+0 
461.66990 6.000E+0 
461.91410 7.000E+0 
462.15820 1.300E+1 
462.40230 8.000E+0 
462.64650 1.200E+1 
462.89060 1.000E+1 
463.13480 1.200E+1 
463.37890 1.700E+1 
463.6230 1.300E+1 
463.86720 1.300E+1 
464.11130 3.000E+0 
464.35550 6.000E+0 
464.59960 7.000E+0 
464.84380 8.000E+0 
465.08790 1.200E+1 
465.3320 1.000E+1 
465.57620 1.600E+1 
465.82030 1.300E+1 
466.06450 1.200E+1 
466.30860 9.000E+0 
466.55270 1.000E+1 
466.79690 9.000E+0 
467.0410 9.000E+0 
467.28520 1.200E+1 
467.52930 1.200E+1 
467.77340 9.000E+0 
468.01760 8.000E+0 
468.26170 1.200E+1 
468.50590 1.500E+1 
468.750 8.000E+0 
468.99410 7.000E+0 
469.23830 1.500E+1 
469.48240 9.000E+0 
469.72660 9.000E+0 
469.97070 1.400E+1 
470.21480 9.000E+0 
470.4590 1.000E+1 
470.70310 1.600E+1 
470.94730 9.000E+0 
471.19140 1.200E+1 
471.43550 1.000E+1 
471.67970 7.000E+0 
471.92380 8.000E+0 
472.1680 1.500E+1 
472.41210 9.000E+0 
472.65630 1.000E+1 
472.90040 1.000E+1 
473.14450 8.000E+0 
473.38870 5.000E+0 
473.63280 9.000E+0 
473.8770 9.000E+0 
474.12110 9.000E+0 
474.36520 1.000E+1 
474.60940 1.400E+1 
474.85350 7.000E+0 
475.09770 5.000E+0 
475.34180 1.300E+1 
475.58590 7.000E+0 
475.83010 9.000E+0 
476.07420 8.000E+0 
476.31840 5.000E+0 
476.56250 9.000E+0 
476.80660 1.000E+1 
477.05080 1.200E+1 
477.29490 1.700E+1 
477.53910 8.000E+0 
477.78320 1.600E+1 
478.02730 5.000E+0 
478.27150 1.200E+1 
478.51560 1.200E+1 
478.75980 1.400E+1 
479.00390 1.300E+1 
479.2480 1.000E+1 
479.49220 9.000E+0 
479.73630 1.200E+1 
479.98050 7.000E+0 
480.22460 9.000E+0 
480.46880 1.100E+1 
480.71290 1.300E+1 
480.9570 8.000E+0 
481.20120 6.000E+0 
481.44530 8.000E+0 
481.68950 1.000E+1 
481.93360 1.300E+1 
482.17770 7.000E+0 
482.42190 6.000E+0 
482.6660 8.000E+0 
482.91020 9.000E+0 
483.15430 1.200E+1 
483.39840 9.000E+0 
483.64260 3.000E+0 
483.88670 6.000E+0 
484.13090 1.000E+1 
484.3750 9.000E+0 
484.61910 1.100E+1 
484.86330 9.000E+0 
485.10740 1.400E+1 
485.35160 1.100E+1 
485.59570 6.000E+0 
485.83980 7.000E+0 
486.0840 9.000E+0 
486.32810 1.400E+1 
486.57230 1.400E+1 
486.81640 8.000E+0 
487.06050 9.000E+0 
487.30470 5.000E+0 
487.54880 1.600E+1 
487.7930 1.200E+1 
488.03710 8.000E+0 
488.28130 1.000E+1 
488.52540 1.300E+1 
488.76950 1.200E+1 
489.01370 1.200E+1 
489.25780 8.000E+0 
489.5020 1.300E+1 
489.74610 3.000E+0 
489.99020 1.000E+1 
490.23440 9.000E+0 
490.47850 1.100E+1 
490.72270 1.400E+1 
490.96680 1.200E+1 
491.21090 1.000E+1 
491.45510 7.000E+0 
491.69920 9.000E+0 
491.94340 1.000E+1 
492.18750 9.000E+0 
492.43160 1.100E+1 
492.67580 3.000E+0 
492.91990 1.200E+1 
493.16410 1.000E+1 
493.40820 5.000E+0 
493.65230 1.600E+1 
493.89650 4.000E+0 
494.14060 1.000E+1 
494.38480 4.000E+0 
494.62890 1.100E+1 
494.8730 7.000E+0 
495.11720 1.100E+1 
495.36130 1.000E+1 
495.60550 6.000E+0 
495.84960 1.300E+1 
496.09380 1.200E+1 
496.33790 7.000E+0 
496.5820 4.000E+0 
496.82620 1.000E+1 
497.07030 6.000E+0 
497.31450 1.000E+1 
497.55860 1.300E+1 
497.80270 1.300E+1 
498.04690 1.000E+1 
498.2910 9.000E+0 
498.53520 8.000E+0 
498.77930 1.100E+1 
499.02340 4.000E+0 
499.26760 9.000E+0 
499.51170 1.100E+1 
499.75590 7.000E+0 
500.0 1.400E+1 
500.24410 6.000E+0 
500.48830 1.200E+1 
500.73240 9.000E+0 
500.97660 8.000E+0 
501.22070 8.000E+0 
501.46480 1.400E+1 
501.7090 7.000E+0 
501.95310 8.000E+0 
502.19730 1.000E+1 
502.44140 1.200E+1 
502.68550 6.000E+0 
502.92970 9.000E+0 
503.17380 7.000E+0 
503.4180 7.000E+0 
503.66210 1.200E+1 
503.90630 7.000E+0 
504.15040 7.000E+0 
504.39450 1.200E+1 
504.63870 7.000E+0 
504.88280 9.000E+0 
505.1270 9.000E+0 
505.37110 1.000E+1 
505.61520 7.000E+0 
505.85940 6.000E+0 
506.10350 8.000E+0 
506.34770 9.000E+0 
506.59180 1.400E+1 
506.83590 7.000E+0 
507.08010 1.000E+1 
507.32420 8.000E+0 
507.56840 2.000E+0 
507.81250 8.000E+0 
508.05660 1.400E+1 
508.30080 4.000E+0 
508.54490 4.000E+0 
508.78910 7.000E+0 
509.03320 8.000E+0 
509.27730 5.000E+0 
509.52150 1.200E+1 
509.76560 8.000E+0 
510.00980 6.000E+0 
510.25390 9.000E+0 
510.4980 1.000E+1 
510.74220 7.000E+0 
510.98630 1.000E+1 
511.23050 8.000E+0 
511.47460 4.000E+0 
511.71880 6.000E+0 
511.96290 7.000E+0 
512.2070 7.000E+0 
512.45120 6.000E+0 
512.69530 8.000E+0 
512.93950 7.000E+0 
513.18360 9.000E+0 
513.42770 7.000E+0 
513.67190 6.000E+0 
513.9160 1.000E+1 
514.16020 7.000E+0 
514.40430 1.000E+1 
514.64840 3.000E+0 
514.89260 6.000E+0 
515.13670 7.000E+0 
515.38090 5.000E+0 
515.6250 9.000E+0 
515.86910 8.000E+0 
516.11330 4.000E+0 
516.35740 5.000E+0 
516.60160 9.000E+0 
516.84570 5.000E+0 
517.08980 1.600E+1 
517.3340 5.000E+0 
517.57810 8.000E+0 
517.82230 8.000E+0 
518.06640 9.000E+0 
518.31050 4.000E+0 
518.55470 8.000E+0 
518.79880 1.400E+1 
519.0430 4.000E+0 
519.28710 6.000E+0 
519.53130 1.300E+1 
519.77540 1.000E+1 
520.01950 1.100E+1 
520.26370 1.000E+1 
520.50780 7.000E+0 
520.7520 3.000E+0 
520.99610 8.000E+0 
521.24020 6.000E+0 
521.48440 1.000E+1 
521.72850 9.000E+0 
521.97270 1.000E+1 
522.21680 4.000E+0 
522.46090 5.000E+0 
522.70510 7.000E+0 
522.94920 9.000E+0 
523.19340 9.000E+0 
523.43750 4.000E+0 
523.68160 7.000E+0 
523.92580 7.000E+0 
524.16990 1.000E+1 
524.41410 7.000E+0 
524.65820 5.000E+0 
524.90230 1.000E+1 
525.14650 1.100E+1 
525.39060 6.000E+0 
525.63480 1.000E+1 
525.87890 9.000E+0 
526.1230 6.000E+0 
526.36720 1.000E+1 
526.61130 9.000E+0 
526.85550 8.000E+0 
527.09960 6.000E+0 
527.34380 6.000E+0 
527.58790 8.000E+0 
527.8320 4.000E+0 
528.07620 5.000E+0 
528.32030 7.000E+0 
528.56450 6.000E+0 
528.80860 1.000E+1 
529.05270 6.000E+0 
529.29690 3.000E+0 
529.5410 7.000E+0 
529.78520 8.000E+0 
530.02930 4.000E+0 
530.27340 1.100E+1 
530.51760 7.000E+0 
530.76170 9.000E+0 
531.00590 8.000E+0 
531.250 6.000E+0 
531.49410 8.000E+0 
531.73830 1.200E+1 
531.98240 1.200E+1 
532.22660 1.200E+1 
532.47070 9.000E+0 
532.71480 7.000E+0 
532.9590 1.100E+1 
533.20310 5.000E+0 
533.44730 6.000E+0 
533.69140 6.000E+0 
533.93550 1.100E+1 
534.17970 8.000E+0 
534.42380 9.000E+0 
534.6680 6.000E+0 
534.91210 7.000E+0 
535.15630 8.000E+0 
535.40040 4.000E+0 
535.64450 8.000E+0 
535.88870 6.000E+0 
536.13280 5.000E+0 
536.3770 5.000E+0 
536.62110 8.000E+0 
536.86520 7.000E+0 
537.10940 8.000E+0 
537.35350 4.000E+0 
537.59770 1.300E+1 
537.84180 4.000E+0 
538.08590 4.000E+0 
538.33010 1.100E+1 
538.57420 7.000E+0 
538.81840 1.200E+1 
539.06250 6.000E+0 
539.30660 9.000E+0 
539.55080 6.000E+0 
539.79490 5.000E+0 
540.03910 8.000E+0 
540.28320 9.000E+0 
540.52730 1.300E+1 
540.77150 6.000E+0 
541.01560 6.000E+0 
541.25980 1.000E+1 
541.50390 3.000E+0 
541.7480 9.000E+0 
541.99220 5.000E+0 
542.23630 7.000E+0 
542.48050 6.000E+0 
542.72460 9.000E+0 
542.96880 3.000E+0 
543.21290 1.400E+1 
543.4570 4.000E+0 
543.70120 5.000E+0 
543.94530 8.000E+0 
544.18950 4.000E+0 
544.43360 8.000E+0 
544.67770 7.000E+0 
544.92190 1.000E+1 
545.1660 3.000E+0 
545.41020 5.000E+0 
545.65430 6.000E+0 
545.89840 6.000E+0 
546.14260 2.000E+0 
546.38670 1.300E+1 
546.63090 1.100E+1 
546.8750 7.000E+0 
547.11910 7.000E+0 
547.36330 5.000E+0 
547.60740 5.000E+0 
547.85160 1.000E+1 
548.09570 8.000E+0 
548.33980 2.000E+0 
548.5840 7.000E+0 
548.82810 1.000E+1 
549.07230 1.200E+1 
549.31640 7.000E+0 
549.56050 6.000E+0 
549.80470 6.000E+0 
550.04880 9.000E+0 
550.2930 5.000E+0 
550.53710 5.000E+0 
550.78130 5.000E+0 
551.02540 3.000E+0 
551.26950 1.100E+1 
551.51370 9.000E+0 
551.75780 4.000E+0 
552.0020 9.000E+0 
552.24610 1.000E+1 
552.49020 4.000E+0 
552.73440 7.000E+0 
552.97850 8.000E+0 
553.22270 1.500E+1 
553.46680 7.000E+0 
553.71090 9.000E+0 
553.95510 1.000E+1 
554.19920 9.000E+0 
554.44340 1.000E+1 
554.68750 4.000E+0 
554.93160 1.000E+1 
555.17580 1.300E+1 
555.41990 2.000E+0 
555.66410 7.000E+0 
555.90820 1.100E+1 
556.15230 5.000E+0 
556.39650 1.000E+1 
556.64060 9.000E+0 
556.88480 8.000E+0 
557.12890 9.000E+0 
557.3730 1.100E+1 
557.61720 8.000E+0 
557.86130 8.000E+0 
558.10550 1.000E+0 
558.34960 6.000E+0 
558.59380 7.000E+0 
558.83790 8.000E+0 
559.0820 5.000E+0 
559.32620 7.000E+0 
559.57030 2.000E+0 
559.81450 1.200E+1 
560.05860 3.000E+0 
560.30270 5.000E+0 
560.54690 3.000E+0 
560.7910 6.000E+0 
561.03520 3.000E+0 
561.27930 8.000E+0 
561.52340 5.000E+0 
561.76760 7.000E+0 
562.01170 3.000E+0 
562.25590 4.000E+0 
562.50 5.000E+0 
562.74410 5.000E+0 
562.98830 5.000E+0 
563.23240 6.000E+0 
563.47660 1.200E+1 
563.72070 6.000E+0 
563.96480 4.000E+0 
564.2090 1.500E+1 
564.45310 7.000E+0 
564.69730 5.000E+0 
564.94140 7.000E+0 
565.18550 1.100E+1 
565.42970 4.000E+0 
565.67380 1.500E+1 
565.9180 7.000E+0 
566.16210 4.000E+0 
566.40630 3.000E+0 
566.65040 3.000E+0 
566.89450 7.000E+0 
567.13870 1.000E+0 
567.38280 4.000E+0 
567.6270 9.000E+0 
567.87110 8.000E+0 
568.11520 6.000E+0 
568.35940 7.000E+0 
568.60350 7.000E+0 
568.84770 6.000E+0 
569.09180 8.000E+0 
569.33590 7.000E+0 
569.58010 6.000E+0 
569.82420 5.000E+0 
570.06840 9.000E+0 
570.31250 9.000E+0 
570.55660 5.000E+0 
570.80080 1.000E+1 
571.04490 0.000E+0 
571.28910 7.000E+0 
571.53320 4.000E+0 
571.77730 1.100E+1 
572.02150 1.200E+1 
572.26560 5.000E+0 
572.50980 6.000E+0 
572.75390 1.100E+1 
572.9980 4.000E+0 
573.24220 3.000E+0 
573.48630 6.000E+0 
573.73050 7.000E+0 
573.97460 7.000E+0 
574.21880 1.200E+1 
574.46290 5.000E+0 
574.7070 9.000E+0 
574.95120 1.100E+1 
575.19530 9.000E+0 
575.43950 1.100E+1 
575.68360 4.000E+0 
575.92770 4.000E+0 
576.17190 6.000E+0 
576.4160 7.000E+0 
576.66020 8.000E+0 
576.90430 6.000E+0 
577.14840 9.000E+0 
577.39260 6.000E+0 
577.63670 6.000E+0 
577.88090 6.000E+0 
578.1250 8.000E+0 
578.36910 6.000E+0 
578.61330 6.000E+0 
578.85740 5.000E+0 
579.10160 5.000E+0 
579.34570 7.000E+0 
579.58980 6.000E+0 
579.8340 7.000E+0 
580.07810 6.000E+0 
580.32230 6.000E+0 
580.56640 8.000E+0 
580.81050 9.000E+0 
581.05470 1.200E+1 
581.29880 8.000E+0 
581.5430 1.000E+1 
581.78710 1.400E+1 
582.03130 7.000E+0 
582.27540 6.000E+0 
582.51950 1.000E+1 
582.76370 7.000E+0 
583.00780 7.000E+0 
583.2520 1.200E+1 
583.49610 5.000E+0 
583.74020 3.000E+0 
583.98440 4.000E+0 
584.22850 5.000E+0 
584.47270 9.000E+0 
584.71680 4.000E+0 
584.96090 1.000E+1 
585.20510 8.000E+0 
585.44920 7.000E+0 
585.69340 1.000E+1 
585.93750 2.000E+0 
586.18160 1.000E+1 
586.42580 7.000E+0 
586.66990 1.000E+1 
586.91410 4.000E+0 
587.15820 7.000E+0 
587.40230 4.000E+0 
587.64650 4.000E+0 
587.89060 5.000E+0 
588.13480 6.000E+0 
588.37890 4.000E+0 
588.6230 1.000E+1 
588.86720 1.000E+0 
589.11130 1.000E+1 
589.35550 4.000E+0 
589.59960 3.000E+0 
589.84380 8.000E+0 
590.08790 1.000E+1 
590.3320 4.000E+0 
590.57620 7.000E+0 
590.82030 8.000E+0 
591.06450 3.000E+0 
591.30860 1.100E+1 
591.55270 1.000E+1 
591.79690 6.000E+0 
592.0410 8.000E+0 
592.28520 3.000E+0 
592.52930 1.100E+1 
592.77340 5.000E+0 
593.01760 1.100E+1 
593.26170 5.000E+0 
593.50590 4.000E+0 
593.750 7.000E+0 
593.99410 7.000E+0 
594.23830 7.000E+0 
594.48240 1.000E+0 
594.72660 7.000E+0 
594.97070 8.000E+0 
595.21480 1.100E+1 
595.4590 8.000E+0 
595.70310 8.000E+0 
595.94730 2.000E+0 
596.19140 9.000E+0 
596.43550 7.000E+0 
596.67970 9.000E+0 
596.92380 5.000E+0 
597.1680 5.000E+0 
597.41210 7.000E+0 
597.65630 4.000E+0 
597.90040 1.100E+1 
598.14450 8.000E+0 
598.38870 4.000E+0 
598.63280 3.000E+0 
598.8770 5.000E+0 
599.12110 3.000E+0 
599.36520 4.000E+0 
599.60940 1.100E+1 
599.85350 6.000E+0 
600.09770 1.100E+1 
600.34180 1.000E+0 
600.58590 9.000E+0 
600.83010 5.000E+0 
601.07420 7.000E+0 
601.31840 5.000E+0 
601.56250 7.000E+0 
601.80660 1.100E+1 
602.05080 7.000E+0 
602.29490 8.000E+0 
602.53910 7.000E+0 
602.78320 7.000E+0 
603.02730 1.000E+1 
603.27150 6.000E+0 
603.51560 1.500E+1 
603.75980 9.000E+0 
604.00390 7.000E+0 
604.2480 1.400E+1 
604.49220 4.000E+0 
604.73630 1.100E+1 
604.98050 4.000E+0 
605.22460 7.000E+0 
605.46880 5.000E+0 
605.71290 7.000E+0 
605.9570 4.000E+0 
606.20120 4.000E+0 
606.44530 6.000E+0 
606.68950 5.000E+0 
606.93360 0.000E+0 
607.17770 2.000E+0 
607.42190 9.000E+0 
607.6660 4.000E+0 
607.91020 3.000E+0 
608.15430 8.000E+0 
608.39840 6.000E+0 
608.64260 5.000E+0 
608.88670 7.000E+0 
609.13090 4.000E+0 
609.3750 6.000E+0 
609.61910 1.000E+1 
609.86330 8.000E+0 
610.10740 7.000E+0 
610.35160 7.000E+0 
610.59570 4.000E+0 
610.83980 5.000E+0 
611.0840 7.000E+0 
611.32810 1.000E+1 
611.57230 5.000E+0 
611.81640 4.000E+0 
612.06050 5.000E+0 
612.30470 5.000E+0 
612.54880 9.000E+0 
612.7930 4.000E+0 
613.03710 5.000E+0 
613.28130 3.000E+0 
613.52540 7.000E+0 
613.76950 4.000E+0 
614.01370 9.000E+0 
614.25780 4.000E+0 
614.5020 0.000E+0 
614.74610 1.100E+1 
614.99020 9.000E+0 
615.23440 6.000E+0 
615.47850 9.000E+0 
615.72270 6.000E+0 
615.96680 3.000E+0 
616.21090 5.000E+0 
616.45510 4.000E+0 
616.69920 2.000E+0 
616.94340 7.000E+0 
617.18750 7.000E+0 
617.43160 6.000E+0 
617.67580 9.000E+0 
617.91990 5.000E+0 
618.16410 3.000E+0 
618.40820 6.000E+0 
618.65230 1.000E+0 
618.89650 1.200E+1 
619.14060 9.000E+0 
619.38480 4.000E+0 
619.62890 4.000E+0 
619.8730 8.000E+0 
620.11720 5.000E+0 
620.36130 5.000E+0 
620.60550 4.000E+0 
620.84960 7.000E+0 
621.09380 8.000E+0 
621.33790 6.000E+0 
621.5820 3.000E+0 
621.82620 4.000E+0 
622.07030 4.000E+0 
622.31450 4.000E+0 
622.55860 4.000E+0 
622.80270 5.000E+0 
623.04690 3.000E+0 
623.2910 7.000E+0 
623.53520 8.000E+0 
623.77930 6.000E+0 
624.02340 6.000E+0 
624.26760 4.000E+0 
624.51170 7.000E+0 
624.75590 9.000E+0 
625.0 7.000E+0 
625.24410 7.000E+0 
625.48830 4.000E+0 
625.73240 6.000E+0 
625.97660 8.000E+0 
626.22070 3.000E+0 
626.46480 6.000E+0 
626.7090 4.000E+0 
626.95310 5.000E+0 
627.19730 5.000E+0 
627.44140 8.000E+0 
627.68550 5.000E+0 
627.92970 9.000E+0 
628.17380 7.000E+0 
628.4180 5.000E+0 
628.66210 9.000E+0 
628.90630 1.000E+1 
629.15040 4.000E+0 
629.39450 4.000E+0 
629.63870 7.000E+0 
629.88280 5.000E+0 
630.1270 7.000E+0 
630.37110 1.300E+1 
630.61520 2.000E+0 
630.85940 3.000E+0 
631.10350 6.000E+0 
631.34770 6.000E+0 
631.59180 8.000E+0 
631.83590 3.000E+0 
632.08010 6.000E+0 
632.32420 7.000E+0 
632.56840 1.100E+1 
632.81250 4.000E+0 
633.05660 5.000E+0 
633.30080 6.000E+0 
633.54490 2.000E+0 
633.78910 2.000E+0 
634.03320 7.000E+0 
634.27730 4.000E+0 
634.52150 4.000E+0 
634.76560 1.200E+1 
635.00980 8.000E+0 
635.25390 6.000E+0 
635.4980 7.000E+0 
635.74220 9.000E+0 
635.98630 1.000E+1 
636.23050 5.000E+0 
636.47460 4.000E+0 
636.71880 1.000E+1 
636.96290 6.000E+0 
637.2070 1.200E+1 
637.45120 8.000E+0 
637.69530 3.000E+0 
637.93950 4.000E+0 
638.18360 5.000E+0 
638.42770 5.000E+0 
638.67190 5.000E+0 
638.9160 1.000E+0 
639.16020 4.000E+0 
639.40430 1.000E+0 
639.64840 5.000E+0 
639.89260 1.000E+0 
640.13670 8.000E+0 
640.38090 4.000E+0 
640.6250 3.000E+0 
640.86910 8.000E+0 
641.11330 7.000E+0 
641.35740 5.000E+0 
641.60160 5.000E+0 
641.84570 4.000E+0 
642.08980 9.000E+0 
642.3340 6.000E+0 
642.57810 4.000E+0 
642.82230 5.000E+0 
643.06640 6.000E+0 
643.31050 5.000E+0 
643.55470 8.000E+0 
643.79880 2.000E+0 
644.0430 2.000E+0 
644.28710 5.000E+0 
644.53130 1.000E+1 
644.77540 2.000E+0 
645.01950 5.000E+0 
645.26370 2.000E+0 
645.50780 8.000E+0 
645.7520 5.000E+0 
645.99610 1.100E+1 
646.24020 3.000E+0 
646.48440 8.000E+0 
646.72850 6.000E+0 
646.97270 3.000E+0 
647.21680 8.000E+0 
647.46090 6.000E+0 
647.70510 7.000E+0 
647.94920 9.000E+0 
648.19340 3.000E+0 
648.43750 3.000E+0 
648.68160 7.000E+0 
648.92580 1.000E+0 
649.16990 2.000E+0 
649.41410 3.000E+0 
649.65820 3.000E+0 
649.90230 8.000E+0 
650.14650 6.000E+0 
650.39060 9.000E+0 
650.63480 6.000E+0 
650.87890 5.000E+0 
651.1230 2.000E+0 
651.36720 7.000E+0 
651.61130 4.000E+0 
651.85550 2.000E+0 
652.09960 4.000E+0 
652.34380 7.000E+0 
652.58790 6.000E+0 
652.8320 7.000E+0 
653.07620 5.000E+0 
653.32030 6.000E+0 
653.56450 6.000E+0 
653.80860 7.000E+0 
654.05270 5.000E+0 
654.29690 1.000E+1 
654.5410 5.000E+0 
654.78520 5.000E+0 
655.02930 7.000E+0 
655.27340 3.000E+0 
655.51760 2.000E+0 
655.76170 5.000E+0 
656.00590 5.000E+0 
656.250 2.000E+0 
656.49410 8.000E+0 
656.73830 6.000E+0 
656.98240 1.400E+1 
657.22660 2.000E+0 
657.47070 6.000E+0 
657.71480 4.000E+0 
657.9590 8.000E+0 
658.20310 5.000E+0 
658.44730 5.000E+0 
658.69140 4.000E+0 
658.93550 5.000E+0 
659.17970 1.000E+0 
659.42380 7.000E+0 
659.6680 5.000E+0 
659.91210 0.000E+0 
660.15630 3.000E+0 
660.40040 3.000E+0 
660.64450 7.000E+0 
660.88870 6.000E+0 
661.13280 4.000E+0 
661.3770 4.000E+0 
661.62110 5.000E+0 
661.86520 3.000E+0 
662.10940 6.000E+0 
662.35350 2.000E+0 
662.59770 7.000E+0 
662.84180 9.000E+0 
663.08590 7.000E+0 
663.33010 4.000E+0 
663.57420 1.000E+1 
663.81840 8.000E+0 
664.06250 4.000E+0 
664.30660 4.000E+0 
664.55080 3.000E+0 
664.79490 4.000E+0 
665.03910 3.000E+0 
665.28320 8.000E+0 
665.52730 9.000E+0 
665.77150 5.000E+0 
666.01560 5.000E+0 
666.25980 5.000E+0 
666.50390 1.000E+1 
666.7480 4.000E+0 
666.99220 4.000E+0 
667.23630 2.000E+0 
667.48050 8.000E+0 
667.72460 7.000E+0 
667.96880 9.000E+0 
668.21290 6.000E+0 
668.4570 4.000E+0 
668.70120 4.000E+0 
668.94530 8.000E+0 
669.18950 7.000E+0 
669.43360 5.000E+0 
669.67770 7.000E+0 
669.92190 6.000E+0 
670.1660 7.000E+0 
670.41020 7.000E+0 
670.65430 2.000E+0 
670.89840 4.000E+0 
671.14260 2.000E+0 
671.38670 5.000E+0 
671.63090 4.000E+0 
671.8750 7.000E+0 
672.11910 6.000E+0 
672.36330 3.000E+0 
672.60740 4.000E+0 
672.85160 2.000E+0 
673.09570 7.000E+0 
673.33980 4.000E+0 
673.5840 6.000E+0 
673.82810 6.000E+0 
674.07230 3.000E+0 
674.31640 3.000E+0 
674.56050 5.000E+0 
674.80470 4.000E+0 
675.04880 4.000E+0 
675.2930 8.000E+0 
675.53710 5.000E+0 
675.78130 1.200E+1 
676.02540 7.000E+0 
676.26950 2.000E+0 
676.51370 1.000E+1 
676.75780 4.000E+0 
677.0020 3.000E+0 
677.24610 4.000E+0 
677.49020 4.000E+0 
677.73440 2.000E+0 
677.97850 4.000E+0 
678.22270 4.000E+0 
678.46680 2.000E+0 
678.71090 2.000E+0 
678.95510 2.000E+0 
679.19920 4.000E+0 
679.44340 9.000E+0 
679.68750 8.000E+0 
679.93160 8.000E+0 
680.17580 8.000E+0 
680.41990 3.000E+0 
680.66410 3.000E+0 
680.90820 3.000E+0 
681.15230 5.000E+0 
681.39650 6.000E+0 
681.64060 4.000E+0 
681.88480 9.000E+0 
682.12890 8.000E+0 
682.3730 2.000E+0 
682.61720 7.000E+0 
682.86130 3.000E+0 
683.10550 6.000E+0 
683.34960 6.000E+0 
683.59380 1.100E+1 
683.83790 6.000E+0 
684.0820 7.000E+0 
684.32620 6.000E+0 
684.57030 3.000E+0 
684.81450 4.000E+0 
685.05860 5.000E+0 
685.30270 3.000E+0 
685.54690 3.000E+0 
685.7910 3.000E+0 
686.03520 6.000E+0 
686.27930 4.000E+0 
686.52340 4.000E+0 
686.76760 2.000E+0 
687.01170 7.000E+0 
687.25590 9.000E+0 
687.50 7.000E+0 
687.74410 3.000E+0 
687.98830 4.000E+0 
688.23240 7.000E+0 
688.47660 5.000E+0 
688.72070 3.000E+0 
688.96480 7.000E+0 
689.2090 4.000E+0 
689.45310 1.000E+1 
689.69730 4.000E+0 
689.94140 5.000E+0 
690.18550 2.000E+0 
690.42970 3.000E+0 
690.67380 6.000E+0 
690.9180 6.000E+0 
691.16210 6.000E+0 
691.40630 6.000E+0 
691.65040 6.000E+0 
691.89450 2.000E+0 
692.13870 5.000E+0 
692.38280 2.000E+0 
692.6270 6.000E+0 
692.87110 3.000E+0 
693.11520 2.000E+0 
693.35940 7.000E+0 
693.60350 4.000E+0 
693.84770 4.000E+0 
694.09180 3.000E+0 
694.33590 3.000E+0 
694.58010 9.000E+0 
694.82420 5.000E+0 
695.06840 2.000E+0 
695.31250 4.000E+0 
695.55660 2.000E+0 
695.80080 6.000E+0 
696.04490 8.000E+0 
696.28910 6.000E+0 
696.53320 4.000E+0 
696.77730 3.000E+0 
697.02150 4.000E+0 
697.26560 2.000E+0 
697.50980 5.000E+0 
697.75390 7.000E+0 
697.9980 6.000E+0 
698.24220 4.000E+0 
698.48630 6.000E+0 
698.73050 1.000E+1 
698.97460 8.000E+0 
699.21880 3.000E+0 
699.46290 5.000E+0 
699.7070 5.000E+0 
699.95120 4.000E+0 
700.19530 4.000E+0 
700.43950 5.000E+0 
700.68360 7.000E+0 
700.92770 5.000E+0 
701.17190 3.000E+0 
701.4160 3.000E+0 
701.66020 4.000E+0 
701.90430 3.000E+0 
702.14840 7.000E+0 
702.39260 6.000E+0 
702.63670 3.000E+0 
702.88090 2.000E+0 
703.1250 4.000E+0 
703.36910 7.000E+0 
703.61330 4.000E+0 
703.85740 6.000E+0 
704.10160 4.000E+0 
704.34570 7.000E+0 
704.58980 6.000E+0 
704.8340 6.000E+0 
705.07810 3.000E+0 
705.32230 1.000E+0 
705.56640 1.000E+0 
705.81050 7.000E+0 
706.05470 6.000E+0 
706.29880 1.000E+0 
706.5430 8.000E+0 
706.78710 4.000E+0 
707.03130 3.000E+0 
707.27540 5.000E+0 
707.51950 5.000E+0 
707.76370 2.000E+0 
708.00780 2.000E+0 
708.2520 2.000E+0 
708.49610 2.000E+0 
708.74020 5.000E+0 
708.98440 5.000E+0 
709.22850 6.000E+0 
709.47270 2.000E+0 
709.71680 4.000E+0 
709.96090 3.000E+0 
710.20510 4.000E+0 
710.44920 4.000E+0 
710.69340 7.000E+0 
710.93750 3.000E+0 
711.18160 2.000E+0 
711.42580 9.000E+0 
711.66990 8.000E+0 
711.91410 4.000E+0 
712.15820 4.000E+0 
712.40230 3.000E+0 
712.64650 1.000E+0 
712.89060 5.000E+0 
713.13480 1.000E+0 
713.37890 6.000E+0 
713.6230 7.000E+0 
713.86720 6.000E+0 
714.11130 6.000E+0 
714.35550 7.000E+0 
714.59960 5.000E+0 
714.84380 5.000E+0 
715.08790 6.000E+0 
715.3320 7.000E+0 
715.57620 5.000E+0 
715.82030 3.000E+0 
716.06450 4.000E+0 
716.30860 5.000E+0 
716.55270 5.000E+0 
716.79690 4.000E+0 
717.0410 5.000E+0 
717.28520 4.000E+0 
717.52930 3.000E+0 
717.77340 1.000E+0 
718.01760 4.000E+0 
718.26170 3.000E+0 
718.50590 3.000E+0 
718.750 8.000E+0 
718.99410 1.100E+1 
719.23830 8.000E+0 
719.48240 4.000E+0 
719.72660 5.000E+0 
719.97070 7.000E+0 
720.21480 1.000E+0 
720.4590 2.000E+0 
720.70310 4.000E+0 
720.94730 5.000E+0 
721.19140 4.000E+0 
721.43550 5.000E+0 
721.67970 2.000E+0 
721.92380 5.000E+0 
722.1680 2.000E+0 
722.41210 5.000E+0 
722.65630 5.000E+0 
722.90040 6.000E+0 
723.14450 3.000E+0 
723.38870 6.000E+0 
723.63280 5.000E+0 
723.8770 2.000E+0 
724.12110 4.000E+0 
724.36520 9.000E+0 
724.60940 8.000E+0 
724.85350 4.000E+0 
725.09770 4.000E+0 
725.34180 3.000E+0 
725.58590 7.000E+0 
725.83010 2.000E+0 
726.07420 5.000E+0 
726.31840 8.000E+0 
726.56250 7.000E+0 
726.80660 4.000E+0 
727.05080 4.000E+0 
727.29490 2.000E+0 
727.53910 5.000E+0 
727.78320 1.000E+0 
728.02730 5.000E+0 
728.27150 7.000E+0 
728.51560 3.000E+0 
728.75980 2.000E+0 
729.00390 6.000E+0 
729.2480 5.000E+0 
729.49220 3.000E+0 
729.73630 3.000E+0 
729.98050 5.000E+0 
730.22460 4.000E+0 
730.46880 5.000E+0 
730.71290 4.000E+0 
730.9570 1.000E+0 
731.20120 5.000E+0 
731.44530 5.000E+0 
731.68950 3.000E+0 
731.93360 6.000E+0 
732.17770 6.000E+0 
732.42190 6.000E+0 
732.6660 3.000E+0 
732.91020 4.000E+0 
733.15430 4.000E+0 
733.39840 2.000E+0 
733.64260 4.000E+0 
733.88670 4.000E+0 
734.13090 5.000E+0 
734.3750 2.000E+0 
734.61910 3.000E+0 
734.86330 5.000E+0 
735.10740 6.000E+0 
735.35160 3.000E+0 
735.59570 9.000E+0 
735.83980 2.000E+0 
736.0840 5.000E+0 
736.32810 2.000E+0 
736.57230 1.000E+0 
736.81640 3.000E+0 
737.06050 3.000E+0 
737.30470 2.000E+0 
737.54880 3.000E+0 
737.7930 4.000E+0 
738.03710 8.000E+0 
738.28130 3.000E+0 
738.52540 2.000E+0 
738.76950 7.000E+0 
739.01370 4.000E+0 
739.25780 4.000E+0 
739.5020 3.000E+0 
739.74610 3.000E+0 
739.99020 5.000E+0 
740.23440 3.000E+0 
740.47850 5.000E+0 
740.72270 2.000E+0 
740.96680 2.000E+0 
741.21090 4.000E+0 
741.45510 3.000E+0 
741.69920 3.000E+0 
741.94340 4.000E+0 
742.18750 3.000E+0 
742.43160 4.000E+0 
742.67580 3.000E+0 
742.91990 2.000E+0 
743.16410 3.000E+0 
743.40820 2.000E+0 
743.65230 3.000E+0 
743.89650 5.000E+0 
744.14060 7.000E+0 
744.38480 4.000E+0 
744.62890 8.000E+0 
744.8730 5.000E+0 
745.11720 8.000E+0 
745.36130 6.000E+0 
745.60550 4.000E+0 
745.84960 4.000E+0 
746.09380 4.000E+0 
746.33790 4.000E+0 
746.5820 4.000E+0 
746.82620 2.000E+0 
747.07030 3.000E+0 
747.31450 4.000E+0 
747.55860 4.000E+0 
747.80270 2.000E+0 
748.04690 5.000E+0 
748.2910 3.000E+0 
748.53520 4.000E+0 
748.77930 5.000E+0 
749.02340 5.000E+0 
749.26760 4.000E+0 
749.51170 4.000E+0 
749.75590 2.000E+0 
750.0 4.000E+0 
750.24410 4.000E+0 
750.48830 3.000E+0 
750.73240 2.000E+0 
750.97660 3.000E+0 
751.22070 2.000E+0 
751.46480 4.000E+0 
751.7090 4.000E+0 
751.95310 1.000E+0 
752.19730 3.000E+0 
752.44140 2.000E+0 
752.68550 3.000E+0 
752.92970 5.000E+0 
753.17380 4.000E+0 
753.4180 3.000E+0 
753.66210 6.000E+0 
753.90630 4.000E+0 
754.15040 2.000E+0 
754.39450 8.000E+0 
754.63870 4.000E+0 
754.88280 2.000E+0 
755.1270 0.000E+0 
755.37110 2.000E+0 
755.61520 5.000E+0 
755.85940 3.000E+0 
756.10350 3.000E+0 
756.34770 4.000E+0 
756.59180 5.000E+0 
756.83590 3.000E+0 
757.08010 3.000E+0 
757.32420 3.000E+0 
757.56840 3.000E+0 
757.81250 2.000E+0 
758.05660 3.000E+0 
758.30080 3.000E+0 
758.54490 1.000E+0 
758.78910 1.000E+0 
759.03320 5.000E+0 
759.27730 3.000E+0 
759.52150 3.000E+0 
759.76560 2.000E+0 
760.00980 3.000E+0 
760.25390 1.000E+0 
760.4980 3.000E+0 
760.74220 4.000E+0 
760.98630 3.000E+0 
761.23050 4.000E+0 
761.47460 4.000E+0 
761.71880 6.000E+0 
761.96290 2.000E+0 
762.2070 0.000E+0 
762.45120 2.000E+0 
762.69530 4.000E+0 
762.93950 3.000E+0 
763.18360 5.000E+0 
763.42770 2.000E+0 
763.67190 5.000E+0 
763.9160 3.000E+0 
764.16020 6.000E+0 
764.40430 2.000E+0 
764.64840 4.000E+0 
764.89260 2.000E+0 
765.13670 8.000E+0 
765.38090 1.000E+0 
765.6250 4.000E+0 
765.86910 3.000E+0 
766.11330 4.000E+0 
766.35740 2.000E+0 
766.60160 5.000E+0 
766.84570 1.000E+0 
767.08980 2.000E+0 
767.3340 4.000E+0 
767.57810 4.000E+0 
767.82230 3.000E+0 
768.06640 4.000E+0 
768.31050 1.000E+0 
768.55470 6.000E+0 
768.79880 4.000E+0 
769.0430 3.000E+0 
769.28710 5.000E+0 
769.53130 3.000E+0 
769.77540 1.000E+0 
770.01950 2.000E+0 
770.26370 2.000E+0 
770.50780 3.000E+0 
770.7520 4.000E+0 
770.99610 7.000E+0 
771.24020 2.000E+0 
771.48440 5.000E+0 
771.72850 6.000E+0 
771.97270 1.000E+0 
772.21680 2.000E+0 
772.46090 5.000E+0 
772.70510 5.000E+0 
772.94920 4.000E+0 
773.19340 3.000E+0 
773.43750 6.000E+0 
773.68160 5.000E+0 
773.92580 2.000E+0 
774.16990 5.000E+0 
774.41410 3.000E+0 
774.65820 2.000E+0 
774.90230 4.000E+0 
775.14650 3.000E+0 
775.39060 3.000E+0 
775.63480 2.000E+0 
775.87890 4.000E+0 
776.1230 3.000E+0 
776.36720 2.000E+0 
776.61130 4.000E+0 
776.85550 6.000E+0 
777.09960 2.000E+0 
777.34380 7.000E+0 
777.58790 1.000E+0 
777.8320 4.000E+0 
778.07620 4.000E+0 
778.32030 2.000E+0 
778.56450 6.000E+0 
778.80860 3.000E+0 
779.05270 0.000E+0 
779.29690 2.000E+0 
779.5410 4.000E+0 
779.78520 1.000E+0 
780.02930 3.000E+0 
780.27340 3.000E+0 
780.51760 2.000E+0 
780.76170 6.000E+0 
781.00590 4.000E+0 
781.250 6.000E+0 
781.49410 5.000E+0 
781.73830 5.000E+0 
781.98240 7.000E+0 
782.22660 4.000E+0 
782.47070 5.000E+0 
782.71480 1.000E+0 
782.9590 1.000E+1 
783.20310 1.000E+0 
783.44730 6.000E+0 
783.69140 6.000E+0 
783.93550 1.000E+0 
784.17970 3.000E+0 
784.42380 7.000E+0 
784.6680 2.000E+0 
784.91210 2.000E+0 
785.15630 5.000E+0 
785.40040 7.000E+0 
785.64450 2.000E+0 
785.88870 2.000E+0 
786.13280 5.000E+0 
786.3770 4.000E+0 
786.62110 7.000E+0 
786.86520 1.000E+0 
787.10940 3.000E+0 
787.35350 4.000E+0 
787.59770 3.000E+0 
787.84180 3.000E+0 
788.08590 7.000E+0 
788.33010 4.000E+0 
788.57420 1.000E+0 
788.81840 2.000E+0 
789.06250 3.000E+0 
789.30660 4.000E+0 
789.55080 4.000E+0 
789.79490 3.000E+0 
790.03910 2.000E+0 
790.28320 3.000E+0 
790.52730 2.000E+0 
790.77150 2.000E+0 
791.01560 7.000E+0 
791.25980 4.000E+0 
791.50390 1.000E+0 
791.7480 4.000E+0 
791.99220 5.000E+0 
792.23630 5.000E+0 
792.48050 9.000E+0 
792.72460 3.000E+0 
792.96880 5.000E+0 
793.21290 6.000E+0 
793.4570 5.000E+0 
793.70120 7.000E+0 
793.94530 3.000E+0 
794.18950 5.000E+0 
794.43360 4.000E+0 
794.67770 6.000E+0 
794.92190 2.000E+0 
795.1660 3.000E+0 
795.41020 2.000E+0 
795.65430 4.000E+0 
795.89840 5.000E+0 
796.14260 3.000E+0 
796.38670 4.000E+0 
796.63090 6.000E+0 
796.8750 2.000E+0 
797.11910 3.000E+0 
797.36330 3.000E+0 
797.60740 0.000E+0 
797.85160 5.000E+0 
798.09570 3.000E+0 
798.33980 3.000E+0 
798.5840 3.000E+0 
798.82810 2.000E+0 
799.07230 3.000E+0 
799.31640 3.000E+0 
799.56050 6.000E+0 
799.80470 3.000E+0 
800.04880 3.000E+0 
800.2930 0.000E+0 
800.53710 2.000E+0 
800.78130 5.000E+0 
801.02540 5.000E+0 
801.26950 1.000E+0 
801.51370 5.000E+0 
801.75780 2.000E+0 
802.0020 5.000E+0 
802.24610 1.000E+0 
802.49020 2.000E+0 
802.73440 1.000E+0 
802.97850 2.000E+0 
803.22270 3.000E+0 
803.46680 4.000E+0 
803.71090 1.000E+1 
803.95510 3.000E+0 
804.19920 5.000E+0 
804.44340 4.000E+0 
804.68750 3.000E+0 
804.93160 4.000E+0 
805.17580 2.000E+0 
805.41990 5.000E+0 
805.66410 2.000E+0 
805.90820 3.000E+0 
806.15230 4.000E+0 
806.39650 2.000E+0 
806.64060 2.000E+0 
806.88480 6.000E+0 
807.12890 2.000E+0 
807.3730 3.000E+0 
807.61720 7.000E+0 
807.86130 5.000E+0 
808.10550 2.000E+0 
808.34960 2.000E+0 
808.59380 3.000E+0 
808.83790 2.000E+0 
809.0820 3.000E+0 
809.32620 4.000E+0 
809.57030 1.000E+0 
809.81450 7.000E+0 
810.05860 1.000E+0 
810.30270 7.000E+0 
810.54690 4.000E+0 
810.7910 2.000E+0 
811.03520 2.000E+0 
811.27930 2.000E+0 
811.52340 3.000E+0 
811.76760 6.000E+0 
812.01170 3.000E+0 
812.25590 3.000E+0 
812.50 3.000E+0 
812.74410 2.000E+0 
812.98830 2.000E+0 
813.23240 4.000E+0 
813.47660 3.000E+0 
813.72070 5.000E+0 
813.96480 3.000E+0 
814.2090 5.000E+0 
814.45310 0.000E+0 
814.69730 3.000E+0 
814.94140 5.000E+0 
815.18550 3.000E+0 
815.42970 4.000E+0 
815.67380 5.000E+0 
815.9180 4.000E+0 
816.16210 3.000E+0 
816.40630 4.000E+0 
816.65040 6.000E+0 
816.89450 3.000E+0 
817.13870 3.000E+0 
817.38280 4.000E+0 
817.6270 4.000E+0 
817.87110 4.000E+0 
818.11520 2.000E+0 
818.35940 1.000E+0 
818.60350 3.000E+0 
818.84770 2.000E+0 
819.09180 2.000E+0 
819.33590 5.000E+0 
819.58010 1.000E+0 
819.82420 5.000E+0 
820.06840 3.000E+0 
820.31250 3.000E+0 
820.55660 4.000E+0 
820.80080 5.000E+0 
821.04490 3.000E+0 
821.28910 5.000E+0 
821.53320 3.000E+0 
821.77730 5.000E+0 
822.02150 6.000E+0 
822.26560 2.000E+0 
822.50980 1.000E+0 
822.75390 4.000E+0 
822.9980 0.000E+0 
823.24220 2.000E+0 
823.48630 6.000E+0 
823.73050 4.000E+0 
823.97460 3.000E+0 
824.21880 2.000E+0 
824.46290 5.000E+0 
824.7070 6.000E+0 
824.95120 4.000E+0 
825.19530 6.000E+0 
825.43950 1.000E+0 
825.68360 1.000E+0 
825.92770 3.000E+0 
826.17190 3.000E+0 
826.4160 7.000E+0 
826.66020 3.000E+0 
826.90430 2.000E+0 
827.14840 3.000E+0 
827.39260 1.000E+0 
827.63670 3.000E+0 
827.88090 4.000E+0 
828.1250 4.000E+0 
828.36910 3.000E+0 
828.61330 2.000E+0 
828.85740 4.000E+0 
829.10160 3.000E+0 
829.34570 6.000E+0 
829.58980 5.000E+0 
829.8340 2.000E+0 
830.07810 1.000E+0 
830.32230 4.000E+0 
830.56640 3.000E+0 
830.81050 1.000E+0 
831.05470 3.000E+0 
831.29880 3.000E+0 
831.5430 3.000E+0 
831.78710 5.000E+0 
832.03130 6.000E+0 
832.27540 0.000E+0 
832.51950 7.000E+0 
832.76370 4.000E+0 
833.00780 3.000E+0 
833.2520 5.000E+0 
833.49610 2.000E+0 
833.74020 1.000E+0 
833.98440 5.000E+0 
834.22850 1.000E+0 
834.47270 9.000E+0 
834.71680 4.000E+0 
834.96090 4.000E+0 
835.20510 2.000E+0 
835.44920 0.000E+0 
835.69340 1.000E+0 
835.93750 2.000E+0 
836.18160 3.000E+0 
836.42580 3.000E+0 
836.66990 5.000E+0 
836.91410 4.000E+0 
837.15820 5.000E+0 
837.40230 2.000E+0 
837.64650 7.000E+0 
837.89060 0.000E+0 
838.13480 3.000E+0 
838.37890 4.000E+0 
838.6230 6.000E+0 
838.86720 2.000E+0 
839.11130 1.000E+0 
839.35550 3.000E+0 
839.59960 0.000E+0 
839.84380 3.000E+0 
840.08790 3.000E+0 
840.3320 2.000E+0 
840.57620 4.000E+0 
840.82030 3.000E+0 
841.06450 1.000E+0 
841.30860 0.000E+0 
841.55270 4.000E+0 
841.79690 4.000E+0 
842.0410 5.000E+0 
842.28520 4.000E+0 
842.52930 4.000E+0 
842.77340 3.000E+0 
843.01760 6.000E+0 
843.26170 1.000E+0 
843.50590 1.000E+0 
843.750 3.000E+0 
843.99410 1.000E+0 
844.23830 3.000E+0 
844.48240 2.000E+0 
844.72660 6.000E+0 
844.97070 0.000E+0 
845.21480 3.000E+0 
845.4590 3.000E+0 
845.70310 4.000E+0 
845.94730 1.000E+0 
846.19140 2.000E+0 
846.43550 5.000E+0 
846.67970 4.000E+0 
846.92380 1.000E+0 
847.1680 2.000E+0 
847.41210 4.000E+0 
847.65630 4.000E+0 
847.90040 2.000E+0 
848.14450 6.000E+0 
848.38870 4.000E+0 
848.63280 3.000E+0 
848.8770 4.000E+0 
849.12110 6.000E+0 
849.36520 3.000E+0 
849.60940 2.000E+0 
849.85350 3.000E+0 
850.09770 2.000E+0 
850.34180 2.000E+0 
850.58590 4.000E+0 
850.83010 2.000E+0 
851.07420 7.000E+0 
851.31840 2.000E+0 
851.56250 2.000E+0 
851.80660 2.000E+0 
852.05080 2.000E+0 
852.29490 1.000E+0 
852.53910 3.000E+0 
852.78320 2.000E+0 
853.02730 3.000E+0 
853.27150 3.000E+0 
853.51560 3.000E+0 
853.75980 2.000E+0 
854.00390 1.000E+0 
854.2480 5.000E+0 
854.49220 4.000E+0 
854.73630 0.000E+0 
854.98050 4.000E+0 
855.22460 3.000E+0 
855.46880 4.000E+0 
855.71290 2.000E+0 
855.9570 3.000E+0 
856.20120 2.000E+0 
856.44530 2.000E+0 
856.68950 2.000E+0 
856.93360 5.000E+0 
857.17770 4.000E+0 
857.42190 1.000E+0 
857.6660 3.000E+0 
857.91020 1.000E+0 
858.15430 3.000E+0 
858.39840 5.000E+0 
858.64260 5.000E+0 
858.88670 1.000E+0 
859.13090 0.000E+0 
859.3750 5.000E+0 
859.61910 2.000E+0 
859.86330 3.000E+0 
860.10740 0.000E+0 
860.35160 0.000E+0 
860.59570 2.000E+0 
860.83980 2.000E+0 
861.0840 2.000E+0 
861.32810 6.000E+0 
861.57230 2.000E+0 
861.81640 3.000E+0 
862.06050 5.000E+0 
862.30470 0.000E+0 
862.54880 4.000E+0 
862.7930 2.000E+0 
863.03710 2.000E+0 
863.28130 3.000E+0 
863.52540 8.000E+0 
863.76950 2.000E+0 
864.01370 2.000E+0 
864.25780 0.000E+0 
864.5020 2.000E+0 
864.74610 5.000E+0 
864.99020 3.000E+0 
865.23440 3.000E+0 
865.47850 0.000E+0 
865.72270 2.000E+0 
865.96680 1.000E+0 
866.21090 7.000E+0 
866.45510 4.000E+0 
866.69920 5.000E+0 
866.94340 6.000E+0 
867.18750 2.000E+0 
867.43160 6.000E+0 
867.67580 2.000E+0 
867.91990 3.000E+0 
868.16410 3.000E+0 
868.40820 3.000E+0 
868.65230 7.000E+0 
868.89650 1.000E+0 
869.14060 7.000E+0 
869.38480 3.000E+0 
869.62890 6.000E+0 
869.8730 1.000E+0 
870.11720 3.000E+0 
870.36130 3.000E+0 
870.60550 2.000E+0 
870.84960 5.000E+0 
871.09380 5.000E+0 
871.33790 3.000E+0 
871.5820 3.000E+0 
871.82620 4.000E+0 
872.07030 1.000E+0 
872.31450 4.000E+0 
872.55860 0.000E+0 
872.80270 2.000E+0 
873.04690 5.000E+0 
873.2910 3.000E+0 
873.53520 1.000E+0 
873.77930 5.000E+0 
874.02340 6.000E+0 
874.26760 1.000E+0 
874.51170 2.000E+0 
874.75590 3.000E+0 
875.0 1.000E+0 
875.24410 7.000E+0 
875.48830 1.000E+0 
875.73240 0.000E+0 
875.97660 3.000E+0 
876.22070 6.000E+0 
876.46480 5.000E+0 
876.7090 5.000E+0 
876.95310 2.000E+0 
877.19730 0.000E+0 
877.44140 3.000E+0 
877.68550 0.000E+0 
877.92970 6.000E+0 
878.17380 7.000E+0 
878.4180 5.000E+0 
878.66210 2.000E+0 
878.90630 1.000E+0 
879.15040 3.000E+0 
879.39450 0.000E+0 
879.63870 3.000E+0 
879.88280 3.000E+0 
880.1270 1.000E+0 
880.37110 2.000E+0 
880.61520 3.000E+0 
880.85940 3.000E+0 
881.10350 5.000E+0 
881.34770 3.000E+0 
881.59180 1.000E+0 
881.83590 1.000E+0 
882.08010 6.000E+0 
882.32420 6.000E+0 
882.56840 4.000E+0 
882.81250 3.000E+0 
883.05660 5.000E+0 
883.30080 5.000E+0 
883.54490 3.000E+0 
883.78910 4.000E+0 
884.03320 4.000E+0 
884.27730 0.000E+0 
884.52150 5.000E+0 
884.76560 2.000E+0 
885.00980 2.000E+0 
885.25390 0.000E+0 
885.4980 3.000E+0 
885.74220 1.000E+0 
885.98630 3.000E+0 
886.23050 0.000E+0 
886.47460 6.000E+0 
886.71880 2.000E+0 
886.96290 5.000E+0 
887.2070 3.000E+0 
887.45120 2.000E+0 
887.69530 3.000E+0 
887.93950 4.000E+0 
888.18360 3.000E+0 
888.42770 4.000E+0 
888.67190 7.000E+0 
888.9160 3.000E+0 
889.16020 2.000E+0 
889.40430 3.000E+0 
889.64840 4.000E+0 
889.89260 5.000E+0 
890.13670 0.000E+0 
890.38090 3.000E+0 
890.6250 2.000E+0 
890.86910 2.000E+0 
891.11330 6.000E+0 
891.35740 1.000E+0 
891.60160 1.000E+0 
891.84570 1.000E+0 
892.08980 4.000E+0 
892.3340 1.000E+0 
892.57810 3.000E+0 
892.82230 4.000E+0 
893.06640 1.000E+0 
893.31050 2.000E+0 
893.55470 5.000E+0 
893.79880 2.000E+0 
894.0430 0.000E+0 
894.28710 9.000E+0 
894.53130 7.000E+0 
894.77540 2.000E+0 
895.01950 7.000E+0 
895.26370 2.000E+0 
895.50780 4.000E+0 
895.7520 5.000E+0 
895.99610 7.000E+0 
896.24020 2.000E+0 
896.48440 2.000E+0 
896.72850 2.000E+0 
896.97270 3.000E+0 
897.21680 3.000E+0 
897.46090 5.000E+0 
897.70510 1.000E+0 
897.94920 4.000E+0 
898.19340 1.000E+0 
898.43750 1.000E+0 
898.68160 1.000E+0 
898.92580 4.000E+0 
899.16990 1.000E+0 
899.41410 3.000E+0 
899.65820 4.000E+0 
899.90230 1.000E+0 
900.14650 0.000E+0 
900.39060 4.000E+0 
900.63480 3.000E+0 
900.87890 2.000E+0 
901.1230 1.000E+0 
901.36720 2.000E+0 
901.61130 4.000E+0 
901.85550 2.000E+0 
902.09960 4.000E+0 
902.34380 4.000E+0 
902.58790 0.000E+0 
902.8320 0.000E+0 
903.07620 3.000E+0 
903.32030 2.000E+0 
903.56450 3.000E+0 
903.80860 1.000E+0 
904.05270 1.000E+0 
904.29690 7.000E+0 
904.5410 0.000E+0 
904.78520 4.000E+0 
905.02930 2.000E+0 
905.27340 4.000E+0 
905.51760 2.000E+0 
905.76170 5.000E+0 
906.00590 3.000E+0 
906.250 6.000E+0 
906.49410 0.000E+0 
906.73830 3.000E+0 
906.98240 4.000E+0 
907.22660 5.000E+0 
907.47070 4.000E+0 
907.71480 2.000E+0 
907.9590 3.000E+0 
908.20310 2.000E+0 
908.44730 6.000E+0 
908.69140 2.000E+0 
908.93550 2.000E+0 
909.17970 5.000E+0 
909.42380 2.000E+0 
909.6680 0.000E+0 
909.91210 4.000E+0 
910.15630 2.000E+0 
910.40040 8.000E+0 
910.64450 2.000E+0 
910.88870 1.000E+0 
911.13280 4.000E+0 
911.3770 3.000E+0 
911.62110 0.000E+0 
911.86520 1.000E+0 
912.10940 3.000E+0 
912.35350 2.000E+0 
912.59770 4.000E+0 
912.84180 2.000E+0 
913.08590 1.000E+0 
913.33010 4.000E+0 
913.57420 3.000E+0 
913.81840 1.000E+0 
914.06250 2.000E+0 
914.30660 3.000E+0 
914.55080 0.000E+0 
914.79490 3.000E+0 
915.03910 1.000E+0 
915.28320 3.000E+0 
915.52730 5.000E+0 
915.77150 1.000E+0 
916.01560 4.000E+0 
916.25980 0.000E+0 
916.50390 3.000E+0 
916.7480 3.000E+0 
916.99220 1.000E+0 
917.23630 6.000E+0 
917.48050 3.000E+0 
917.72460 1.000E+0 
917.96880 3.000E+0 
918.21290 2.000E+0 
918.4570 2.000E+0 
918.70120 4.000E+0 
918.94530 2.000E+0 
919.18950 4.000E+0 
919.43360 5.000E+0 
919.67770 4.000E+0 
919.92190 2.000E+0 
920.1660 1.000E+0 
920.41020 6.000E+0 
920.65430 4.000E+0 
920.89840 3.000E+0 
921.14260 5.000E+0 
921.38670 2.000E+0 
921.63090 3.000E+0 
921.8750 3.000E+0 
922.11910 1.000E+0 
922.36330 4.000E+0 
922.60740 1.000E+0 
922.85160 2.000E+0 
923.09570 1.000E+0 
923.33980 3.000E+0 
923.5840 6.000E+0 
923.82810 4.000E+0 
924.07230 0.000E+0 
924.31640 1.000E+0 
924.56050 1.000E+0 
924.80470 1.000E+0 
925.04880 3.000E+0 
925.2930 3.000E+0 
925.53710 0.000E+0 
925.78130 3.000E+0 
926.02540 1.000E+0 
926.26950 4.000E+0 
926.51370 3.000E+0 
926.75780 5.000E+0 
927.0020 1.000E+0 
927.24610 3.000E+0 
927.49020 3.000E+0 
927.73440 2.000E+0 
927.97850 3.000E+0 
928.22270 7.000E+0 
928.46680 2.000E+0 
928.71090 2.000E+0 
928.95510 1.000E+0 
929.19920 6.000E+0 
929.44340 2.000E+0 
929.68750 2.000E+0 
929.93160 5.000E+0 
930.17580 3.000E+0 
930.41990 2.000E+0 
930.66410 2.000E+0 
930.90820 2.000E+0 
931.15230 7.000E+0 
931.39650 1.000E+0 
931.64060 4.000E+0 
931.88480 3.000E+0 
932.12890 1.000E+0 
932.3730 3.000E+0 
932.61720 3.000E+0 
932.86130 2.000E+0 
933.10550 0.000E+0 
933.34960 3.000E+0 
933.59380 2.000E+0 
933.83790 0.000E+0 
934.0820 4.000E+0 
934.32620 1.000E+0 
934.57030 0.000E+0 
934.81450 0.000E+0 
935.05860 4.000E+0 
935.30270 3.000E+0 
935.54690 2.000E+0 
935.7910 3.000E+0 
936.03520 2.000E+0 
936.27930 2.000E+0 
936.52340 0.000E+0 
936.76760 3.000E+0 
937.01170 5.000E+0 
937.25590 4.000E+0 
937.50 1.000E+0 
937.74410 3.000E+0 
937.98830 3.000E+0 
938.23240 6.000E+0 
938.47660 1.000E+0 
938.72070 1.000E+0 
938.96480 3.000E+0 
939.2090 5.000E+0 
939.45310 3.000E+0 
939.69730 3.000E+0 
939.94140 3.000E+0 
940.18550 1.000E+0 
940.42970 3.000E+0 
940.67380 3.000E+0 
940.9180 0.000E+0 
941.16210 0.000E+0 
941.40630 5.000E+0 
941.65040 2.000E+0 
941.89450 0.000E+0 
942.13870 5.000E+0 
942.38280 2.000E+0 
942.6270 0.000E+0 
942.87110 2.000E+0 
943.11520 4.000E+0 
943.35940 3.000E+0 
943.60350 0.000E+0 
943.84770 1.000E+0 
944.09180 1.000E+0 
944.33590 1.000E+0 
944.58010 1.000E+0 
944.82420 1.000E+0 
945.06840 2.000E+0 
945.31250 1.000E+0 
945.55660 4.000E+0 
945.80080 2.000E+0 
946.04490 0.000E+0 
946.28910 0.000E+0 
946.53320 4.000E+0 
946.77730 3.000E+0 
947.02150 2.000E+0 
947.26560 2.000E+0 
947.50980 0.000E+0 
947.75390 4.000E+0 
947.9980 4.000E+0 
948.24220 1.000E+0 
948.48630 1.000E+0 
948.73050 4.000E+0 
948.97460 2.000E+0 
949.21880 4.000E+0 
949.46290 3.000E+0 
949.7070 2.000E+0 
949.95120 3.000E+0 
950.19530 4.000E+0 
950.43950 1.000E+0 
950.68360 4.000E+0 
950.92770 1.000E+0 
951.17190 4.000E+0 
951.4160 0.000E+0 
951.66020 0.000E+0 
951.90430 4.000E+0 
952.14840 2.000E+0 
952.39260 4.000E+0 
952.63670 1.000E+0 
952.88090 3.000E+0 
953.1250 3.000E+0 
953.36910 3.000E+0 
953.61330 5.000E+0 
953.85740 0.000E+0 
954.10160 2.000E+0 
954.34570 3.000E+0 
954.58980 2.000E+0 
954.8340 4.000E+0 
955.07810 1.000E+0 
955.32230 2.000E+0 
955.56640 4.000E+0 
955.81050 2.000E+0 
956.05470 1.000E+0 
956.29880 0.000E+0 
956.5430 1.000E+0 
956.78710 4.000E+0 
957.03130 0.000E+0 
957.27540 2.000E+0 
957.51950 2.000E+0 
957.76370 5.000E+0 
958.00780 0.000E+0 
958.2520 1.000E+0 
958.49610 3.000E+0 
958.74020 1.000E+0 
958.98440 2.000E+0 
959.22850 3.000E+0 
959.47270 3.000E+0 
959.71680 0.000E+0 
959.96090 1.000E+0 
960.20510 1.000E+0 
960.44920 5.000E+0 
960.69340 5.000E+0 
960.93750 2.000E+0 
961.18160 3.000E+0 
961.42580 2.000E+0 
961.66990 2.000E+0 
961.91410 1.000E+0 
962.15820 4.000E+0 
962.40230 4.000E+0 
962.64650 7.000E+0 
962.89060 3.000E+0 
963.13480 1.000E+0 
963.37890 1.000E+0 
963.6230 2.000E+0 
963.86720 1.000E+0 
964.11130 4.000E+0 
964.35550 1.000E+0 
964.59960 2.000E+0 
964.84380 3.000E+0 
965.08790 0.000E+0 
965.3320 2.000E+0 
965.57620 2.000E+0 
965.82030 4.000E+0 
966.06450 1.000E+0 
966.30860 3.000E+0 
966.55270 4.000E+0 
966.79690 2.000E+0 
967.0410 2.000E+0 
967.28520 1.000E+0 
967.52930 3.000E+0 
967.77340 3.000E+0 
968.01760 3.000E+0 
968.26170 0.000E+0 
968.50590 3.000E+0 
968.750 2.000E+0 
968.99410 3.000E+0 
969.23830 3.000E+0 
969.48240 2.000E+0 
969.72660 1.000E+0 
969.97070 1.000E+0 
970.21480 2.000E+0 
970.4590 2.000E+0 
970.70310 2.000E+0 
970.94730 3.000E+0 
971.19140 3.000E+0 
971.43550 2.000E+0 
971.67970 1.000E+0 
971.92380 4.000E+0 
972.1680 2.000E+0 
972.41210 2.000E+0 
972.65630 4.000E+0 
972.90040 5.000E+0 
973.14450 2.000E+0 
973.38870 1.000E+0 
973.63280 4.000E+0 
973.8770 0.000E+0 
974.12110 3.000E+0 
974.36520 3.000E+0 
974.60940 1.000E+0 
974.85350 3.000E+0 
975.09770 3.000E+0 
975.34180 1.000E+0 
975.58590 2.000E+0 
975.83010 4.000E+0 
976.07420 4.000E+0 
976.31840 2.000E+0 
976.56250 3.000E+0 
976.80660 2.000E+0 
977.05080 2.000E+0 
977.29490 2.000E+0 
977.53910 2.000E+0 
977.78320 1.000E+0 
978.02730 0.000E+0 
978.27150 2.000E+0 
978.51560 3.000E+0 
978.75980 1.000E+0 
979.00390 1.000E+0 
979.2480 3.000E+0 
979.49220 2.000E+0 
979.73630 2.000E+0 
979.98050 2.000E+0 
980.22460 5.000E+0 
980.46880 3.000E+0 
980.71290 3.000E+0 
980.9570 1.000E+0 
981.20120 0.000E+0 
981.44530 1.000E+0 
981.68950 2.000E+0 
981.93360 2.000E+0 
982.17770 1.000E+0 
982.42190 3.000E+0 
982.6660 1.000E+0 
982.91020 1.000E+0 
983.15430 3.000E+0 
983.39840 4.000E+0 
983.64260 1.000E+0 
983.88670 0.000E+0 
984.13090 4.000E+0 
984.3750 1.000E+0 
984.61910 1.000E+0 
984.86330 1.000E+0 
985.10740 1.000E+0 
985.35160 1.000E+0 
985.59570 4.000E+0 
985.83980 1.000E+0 
986.0840 2.000E+0 
986.32810 2.000E+0 
986.57230 5.000E+0 
986.81640 1.000E+0 
987.06050 3.000E+0 
987.30470 2.000E+0 
987.54880 0.000E+0 
987.7930 1.000E+0 
988.03710 1.000E+0 
988.28130 2.000E+0 
988.52540 1.000E+0 
988.76950 0.000E+0 
989.01370 3.000E+0 
989.25780 0.000E+0 
989.5020 0.000E+0 
989.74610 4.000E+0 
989.99020 1.000E+0 
990.23440 2.000E+0 
990.47850 2.000E+0 
990.72270 1.000E+0 
990.96680 0.000E+0 
991.21090 2.000E+0 
991.45510 0.000E+0 
991.69920 2.000E+0 
991.94340 1.000E+0 
992.18750 1.000E+0 
992.43160 1.000E+0 
992.67580 1.000E+0 
992.91990 0.000E+0 
993.16410 0.000E+0 
993.40820 1.000E+0 
993.65230 2.000E+0 
993.89650 1.000E+0 
994.14060 0.000E+0 
994.38480 2.000E+0 
994.62890 0.000E+0 
994.8730 2.000E+0 
995.11720 2.000E+0 
995.36130 2.000E+0 
995.60550 2.000E+0 
995.84960 1.000E+0 
996.09380 0.000E+0 
996.33790 1.000E+0 
996.5820 0.000E+0 
996.82620 2.000E+0 
997.07030 2.000E+0 
997.31450 2.000E+0 
997.55860 0.000E+0 
997.80270 2.000E+0 
998.04690 0.000E+0 
998.2910 2.000E+0 
998.53520 0.000E+0 
998.77930 2.000E+0 
999.02340 2.000E+0 
999.26760 1.000E+0 
999.51170 1.000E+0 
999.75590 0.000E+0 
